dim1,dim2,feat_0,feat_1,feat_2,feat_3,feat_4,feat_5
0,0,0.7969011,0.4981434,0.9229596,0.6358039,3.0,0.9970119
0,1,0.69001204,0.46965343,0.80289096,0.5834716,2.0,0.99990904
0,2,0.5668512,0.4669903,0.66652924,0.58664215,1.0,0.9978148
0,3,0.8359071,0.48032618,0.97953266,0.73699987,0.0,0.9998753
0,4,0.9737879,0.4111282,0.9971966,0.4331371,0.0,0.99999833
0,5,0.0026034564,0.69806653,0.033114284,0.79775053,0.0,0.9999845
0,6,0.0058853356,0.07199705,0.03366525,0.17249127,0.0,0.99999464
0,7,0.6183786,0.18821467,0.726432,0.3198058,0.0,0.99999976
0,8,0.5387522,-0.018367104,0.88619924,0.21541372,0.0,0.99999154
0,9,0.62958306,0.8493376,0.7978881,0.9740166,0.0,0.99995434
0,10,0.019225232,0.39415523,0.08221753,0.52042174,0.0,0.9999969
0,11,0.76632035,0.867091,0.950341,0.98559326,0.0,0.99995434
0,12,0.97282565,0.3970468,0.9995037,0.41915038,0.0,0.9999988
0,13,0.7980863,-0.020560145,0.9859241,0.23181206,0.0,0.99997926
0,14,0.78586394,0.36854252,0.8890108,0.46434462,0.0,0.9999919
0,15,0.5130787,0.2112964,0.59288204,0.34069723,0.0,1.0
0,16,0.01740601,0.1971232,0.08516093,0.32752514,0.0,0.99998784
0,17,0.5669817,0.49137667,0.623635,0.5775179,0.0,0.9999981
0,18,0.8482899,0.46951798,0.916208,0.6229983,0.0,1.0
0,19,0.8519666,0.6307417,0.91939795,0.7225412,0.0,0.9999988
1,0,0.66153806,0.37109035,0.7703843,0.4836009,2.0,0.9990689
1,1,0.7744326,0.39427477,0.88341606,0.5341588,3.0,0.9990614
1,2,0.5531879,0.35983524,0.64461106,0.47588897,1.0,0.9989322
1,3,0.9747466,0.8195629,0.9985557,0.84363043,0.0,0.9999969
1,4,0.7964471,0.6790846,0.99983364,0.9867634,0.0,0.99997926
1,5,0.6542947,0.3505628,0.6809199,0.38506418,0.0,0.9992791
1,6,0.014536165,0.2514551,0.056765758,0.34429336,0.0,0.9999995
1,7,0.9735037,0.8836116,0.99773145,0.9055801,0.0,0.99999905
1,8,0.77426124,0.8648324,0.9486295,0.99115354,0.0,0.999985
1,9,0.5626794,0.14521539,0.6598823,0.2468698,0.0,0.99999964
1,10,0.9747493,0.7579345,0.9994503,0.7820484,0.0,0.99999535
1,11,-0.0010284856,-0.037524045,0.1767084,0.358879,0.0,0.9999809
1,12,0.50006485,0.28076378,0.6575122,0.38806242,0.0,0.9999995
1,13,0.6636263,0.51689595,0.75216866,0.61964124,0.0,0.99999964
1,14,0.0048898812,0.69276863,0.023879295,0.80756825,0.0,0.9999734
1,15,0.7863536,0.349243,0.89646715,0.4634237,0.0,0.99999976
1,16,0.017088646,0.018273294,0.07361712,0.09893174,0.0,0.999984
1,17,0.6671698,0.335973,0.7026391,0.372897,0.0,0.99992466
1,18,0.97352135,0.8682683,0.99743086,0.89022046,0.0,0.99999857
1,19,0.90220803,0.03606886,0.99020404,0.1491806,0.0,1.0
2,0,0.6599404,0.38648593,0.77867055,0.49545085,1.0,0.9979062
2,1,0.7823834,0.5201812,0.88193816,0.63628757,3.0,0.99262685
2,2,0.74983853,0.43732023,0.87172806,0.54836863,2.0,0.9996631
2,3,0.97272074,0.80776477,1.0025419,0.82662857,0.0,0.99999714
2,4,0.67306745,-0.008350939,0.9750819,0.24614441,0.0,0.9999089
2,5,0.5657939,0.088888496,0.8355274,0.37612265,0.0,0.9999989
2,6,0.018063907,0.48061964,0.08806586,0.6945366,0.0,0.99999666
2,7,0.8607971,0.36486357,0.9322953,0.4941621,0.0,0.99998164
2,8,0.9525777,0.6279518,0.996885,0.7157178,0.0,0.99999964
2,9,0.014685059,0.26166382,0.07707267,0.47360757,0.0,0.999961
2,10,0.72979313,0.4265851,0.8130392,0.5501971,0.0,1.0
2,11,0.011497525,0.8315642,0.039647315,0.93757474,0.0,0.99999666
2,12,0.790386,0.3194539,0.8370184,0.39310068,0.0,0.9999976
2,13,0.52671635,0.50451505,0.734218,0.7728438,0.0,0.99999034
2,14,0.7863458,0.021226566,0.91610205,0.089930415,0.0,0.9999988
2,15,0.804202,0.6511862,0.9939656,0.9844341,0.0,0.9999758
2,16,0.00403778,0.39843938,0.01944744,0.45348322,0.0,0.99996746
2,17,0.9021208,0.73705083,1.0045893,0.82263374,0.0,0.99998105
2,18,-0.00434839,0.2348678,0.15509453,0.5405673,0.0,0.9999777
2,19,0.78142744,0.4348123,0.81119066,0.47779247,0.0,0.9999999
3,0,0.7285484,0.46222988,0.8089734,0.5722159,3.0,0.99986804
3,1,0.650903,0.40763322,0.75234324,0.5073099,2.0,0.99993515
3,2,0.5715874,0.36647308,0.66910744,0.46442983,1.0,0.99988914
3,3,0.5548827,0.29663754,0.72576606,0.38550448,0.0,0.99999976
3,4,0.48684406,0.47408816,0.5832385,0.568597,0.0,0.999998
3,5,0.7609815,0.42750964,0.81506807,0.55951774,0.0,0.9999994
3,6,0.70338315,0.11254741,0.98710644,0.38125813,0.0,0.99995697
3,7,0.7189221,0.35408285,0.80275893,0.45158362,0.0,0.99997294
3,8,0.7228452,0.46426418,0.7402283,0.4930564,0.0,1.0
3,9,0.00026632647,0.01395835,0.002481135,0.06179466,0.0,0.9999391
3,10,0.008170378,0.011109162,0.026776064,0.059093606,0.0,0.9999814
3,11,0.008165806,0.9745622,0.030659184,1.0038048,0.0,0.99999964
3,12,0.9063944,0.57464206,0.9850647,0.66960835,0.0,0.9999993
3,13,0.38090238,0.37368155,0.46681458,0.47442076,0.0,0.99999964
3,14,0.7777123,0.46076453,0.8042408,0.5040246,0.0,0.9999362
3,15,0.0170007,0.91704905,0.05859428,1.0067807,0.0,0.9999906
3,16,0.6569646,0.3874052,0.72072864,0.46866113,0.0,0.99999595
3,17,0.9485231,0.3704335,0.99901855,0.42048448,0.0,0.99999905
3,18,0.97653234,0.7108715,0.9923869,0.7386007,0.0,0.99999774
3,19,0.5845628,0.5411743,0.76018965,0.6933541,0.0,0.9999317
4,0,0.7856827,0.4641899,0.900616,0.63008714,3.0,0.999767
4,1,0.6862854,0.42771897,0.801563,0.58449364,2.0,0.9998313
4,2,0.5590209,0.39933103,0.6646672,0.5470458,1.0,0.999718
4,3,0.97268975,0.37466475,0.9951011,0.40086117,0.0,0.99999917
4,4,0.013006255,-0.012907788,0.17387773,0.3300079,0.0,0.9999987
4,5,0.9754276,0.8172271,0.9941884,0.84984285,0.0,0.9999975
4,6,0.0110191405,0.97792864,0.03864714,1.003804,0.0,0.99999726
4,7,0.971236,0.9537504,0.99108154,1.006589,0.0,0.99999523
4,8,0.848713,0.8651025,0.96186596,1.0233442,0.0,0.99998605
4,9,0.95729506,0.9701771,0.99561614,1.0072823,0.0,0.9999819
4,10,0.009925116,0.8144591,0.092843994,0.9498135,0.0,0.99929416
4,11,0.8767134,0.328439,1.0227876,0.43398467,0.0,0.9999999
4,12,0.32848495,0.48540685,0.40756404,0.59461033,0.0,0.9999877
4,13,0.9793243,0.01115362,1.0002407,0.03204274,0.0,0.9999877
4,14,0.9336581,0.93203175,1.0063434,1.0056169,0.0,0.9999994
4,15,0.9435844,0.693891,0.99135184,0.75310284,0.0,1.0
4,16,0.011825748,0.90363395,0.05035991,1.0021771,0.0,0.9998958
4,17,0.9748377,0.01832162,0.99820334,0.04326324,0.0,0.99998593
4,18,0.9719903,0.35174683,0.9965872,0.374862,0.0,0.99999464
4,19,0.9686556,0.005249936,0.99982524,0.021169176,0.0,0.99992955
5,0,0.67308545,0.36903262,0.79725116,0.51814437,2.0,0.998445
5,1,0.7772402,0.40146706,0.9243631,0.57079756,3.0,0.9935812
5,2,0.5485414,0.36359537,0.6511474,0.5012546,1.0,0.99769586
5,3,0.6853677,0.24919458,0.81328636,0.36053652,0.0,0.999853
5,4,0.46563408,0.60081583,0.54448503,0.7060696,0.0,0.99999726
5,5,0.6750592,0.44921267,0.78391594,0.5235128,0.0,1.0
5,6,0.514352,0.21770129,0.60286355,0.320033,0.0,0.9999999
5,7,0.8670533,0.4890517,0.97849905,0.62761724,0.0,0.83278626
5,8,0.007931177,0.49654484,0.07949349,0.8629296,0.0,0.99999523
5,9,0.9512724,0.6321901,0.9990876,0.70907694,0.0,0.99999475
5,10,0.39798936,0.85728115,0.5409211,0.98441136,0.0,0.9999999
5,11,0.006288275,0.95755905,0.04389027,1.002486,0.0,0.999729
5,12,0.006228227,0.5582173,0.038303,0.6674315,0.0,0.99999726
5,13,0.50726336,0.36224437,0.64411604,0.5089046,0.0,0.9999598
5,14,0.45805517,0.26425883,0.5602799,0.36874035,0.0,1.0
5,15,0.5708544,0.15928902,0.6499684,0.26257503,0.0,0.9999994
5,16,0.7751465,0.2607955,0.8542383,0.3777855,0.0,0.9998343
5,17,0.8886626,0.86214876,0.99831027,1.0097743,0.0,0.9999863
5,18,0.79915833,0.6433456,1.0044582,0.9870474,0.0,0.9999994
5,19,0.022436075,0.4980709,0.094259895,0.6321781,0.0,0.99998593
6,0,0.674858,0.44200745,0.7694459,0.5552712,3.0,0.99940085
6,1,0.4900275,0.38039613,0.5740523,0.47797415,1.0,0.9994929
6,2,0.58221996,0.40431666,0.6803243,0.51725054,2.0,0.99926287
6,3,0.8986128,0.0123768225,0.9862173,0.08685791,0.0,0.9999964
6,4,0.63393354,0.6028079,0.9018014,0.990793,0.0,0.99998975
6,5,0.774126,0.39122355,0.87041926,0.51862884,0.0,0.9998561
6,6,0.036918696,0.011445906,0.15344708,0.08023773,0.0,0.9998485
6,7,0.6053008,0.5327767,0.70550853,0.5977984,0.0,0.99999094
6,8,0.019453906,0.38462713,0.07583982,0.5963707,0.0,0.99998796
6,9,0.39313552,0.3650788,0.47931385,0.47116852,0.0,0.99999964
6,10,0.5818682,0.44978407,0.64590615,0.51297957,0.0,1.0
6,11,0.6523772,0.43327016,0.69109076,0.49253833,0.0,0.9999995
6,12,0.64141536,0.013034664,0.78316474,0.08035826,0.0,0.99999416
6,13,0.8766274,0.28652823,1.0069871,0.37638143,0.0,1.0
6,14,0.8035186,0.6551044,0.9854967,0.9766344,0.0,0.9999976
6,15,0.6536997,0.590421,0.701231,0.65585285,0.0,0.9999771
6,16,0.97240704,0.94989115,0.9944925,1.0002011,0.0,0.9999981
6,17,0.73778784,0.21817482,0.8683676,0.37931716,0.0,0.9999956
6,18,0.00703045,0.57178324,0.040036336,0.6783092,0.0,0.99997604
6,19,0.8043307,0.23840976,0.97658736,0.4866107,0.0,0.9999943
7,0,0.6948783,0.31480208,0.84512866,0.47277078,2.0,0.9982173
7,1,0.562899,0.29031694,0.68319786,0.44412982,1.0,0.9986192
7,2,0.8053109,0.3746506,0.9345441,0.53547,3.0,0.9997286
7,3,0.5790168,0.016586084,0.70851684,0.08775997,0.0,0.9999993
7,4,0.5575209,0.25593483,0.74864054,0.47333598,0.0,0.9998565
7,5,0.0022974145,0.31563643,0.010110604,0.3555631,0.0,0.9998542
7,6,-0.00042385748,0.4826273,0.013510831,0.538043,0.0,0.99998677
7,7,0.017143741,0.059580162,0.099193305,0.22632183,0.0,0.99975604
7,8,0.5199284,0.13168463,0.6069385,0.22015375,0.0,1.0
7,9,0.8108233,0.3160738,0.95596313,0.56276333,0.0,0.9991722
7,10,0.87904984,0.18615912,1.0109968,0.2764125,0.0,0.99999976
7,11,0.67647594,0.19354752,0.84573567,0.29662538,0.0,0.99995697
7,12,0.9427396,0.0061980654,0.99472266,0.03869851,0.0,0.9999199
7,13,0.743407,0.4770096,0.78274566,0.5295046,0.0,0.9999976
7,14,0.0011617765,0.42047393,0.010994608,0.44907364,0.0,0.9999751
7,15,0.5623615,0.0865953,0.63843846,0.19649845,0.0,1.0
7,16,0.7838379,0.021178223,0.8985782,0.09719265,0.0,1.0
7,17,0.0105550075,0.276444,0.037993185,0.37316307,0.0,0.99999297
7,18,0.7348631,0.2554221,0.840863,0.3761057,0.0,0.9999969
7,19,0.8507922,0.33057368,0.9510722,0.4792538,0.0,1.0
8,0,0.6582194,0.37776166,0.7673053,0.4971859,1.0,0.99962926
8,1,0.7642341,0.41699865,0.8964354,0.54609466,2.0,0.9998722
8,2,0.847386,0.50869274,0.9434777,0.64316076,3.0,0.9994648
8,3,0.70637673,0.08588686,0.8425953,0.26310316,0.0,0.9999995
8,4,0.0030450844,0.45293203,0.017067036,0.50301087,0.0,0.9999789
8,5,0.7095606,0.021110896,0.8321168,0.09349586,0.0,0.99999523
8,6,0.036545362,0.012873702,0.1434903,0.08321625,0.0,0.99987555
8,7,0.0016623521,0.15166648,0.015609608,0.20477906,0.0,0.9995154
8,8,0.96786225,0.44121033,1.001718,0.4709701,0.0,0.9999981
8,9,0.95458674,0.5495034,1.006595,0.677881,0.0,0.9999987
8,10,0.9485834,0.3839499,1.008955,0.44870427,0.0,0.9999894
8,11,0.716913,0.59367985,0.81135935,0.7042646,0.0,0.9999989
8,12,0.7634792,0.5423418,0.82937443,0.6104497,0.0,0.99982965
8,13,0.00481005,0.35738438,0.08777236,0.734565,0.0,0.9999949
8,14,0.9527669,0.47246426,0.9993239,0.5292055,0.0,0.99999845
8,15,0.41018426,0.024248011,0.51969516,0.09413091,0.0,0.9999987
8,16,0.007430829,0.8976126,0.053309824,0.9950173,0.0,0.9998535
8,17,0.94667846,0.00973108,0.9904125,0.042931087,0.0,0.9999318
8,18,0.0067782104,-0.016368762,0.29145792,0.16744475,0.0,0.99999475
8,19,0.734359,0.20640174,0.80540353,0.2937382,0.0,0.9999995
9,0,0.6352647,0.47758788,0.73504466,0.5989978,3.0,0.9997174
9,1,0.571263,0.4097945,0.6788091,0.5265399,2.0,0.99967575
9,2,0.47241446,0.38283902,0.5715489,0.49160856,1.0,0.9958016
9,3,0.039905306,0.0076041706,0.15883285,0.08003582,0.0,0.99984896
9,4,0.3077051,0.26274925,0.55326915,0.5450225,0.0,0.99999785
9,5,0.974118,0.41634053,1.0057014,0.44737476,0.0,0.9999982
9,6,0.54258394,0.5204627,0.6253881,0.59107286,0.0,0.9999869
9,7,0.48305327,0.5110222,0.5685858,0.57138795,0.0,0.9999685
9,8,0.7057611,0.6035693,0.8908171,0.7720466,0.0,1.0
9,9,0.38215923,0.37004557,0.475487,0.4782609,0.0,0.9999995
9,10,0.0058244998,0.9707944,0.03177386,1.0036718,0.0,0.99999464
9,11,0.0047520846,0.75912756,0.025386704,0.86032,0.0,0.9999707
9,12,0.7314833,0.5543828,0.7894105,0.6702053,0.0,0.99999905
9,13,0.6310585,0.55617857,0.6546541,0.57843006,0.0,0.9999993
9,14,0.40275025,0.4114369,0.45789576,0.5069447,0.0,0.9999758
9,15,0.39797062,0.014520433,0.50086427,0.0766695,0.0,0.9999968
9,16,0.7292373,0.3179193,0.8115362,0.45163953,0.0,0.9999999
9,17,0.97409254,0.1508037,0.9959246,0.18239799,0.0,0.9999956
9,18,0.590199,0.41705185,0.60506195,0.45859322,0.0,1.0
9,19,0.5412514,0.51561874,0.65984416,0.6008593,0.0,0.9999945
10,0,0.7608238,0.3814084,0.89009744,0.5169821,2.0,0.9999578
10,1,0.85904783,0.45757636,0.9599434,0.6014016,3.0,0.9997793
10,2,0.6408085,0.36305672,0.74776787,0.48387098,1.0,0.9986669
10,3,0.64275306,0.52777815,0.76300406,0.6313927,0.0,0.9999819
10,4,0.9722263,0.020232074,0.99878204,0.04341741,0.0,0.9999901
10,5,0.98056024,0.01135983,1.0002415,0.03273857,0.0,0.99999714
10,6,0.5612809,0.1873059,0.6634841,0.28864676,0.0,0.99998856
10,7,0.70151716,0.57533807,0.73775685,0.6271257,0.0,0.9999999
10,8,0.8108916,0.5479419,0.8382611,0.5687564,0.0,0.9998516
10,9,0.53267294,-0.03239481,0.721341,0.20622228,0.0,0.99999976
10,10,0.9760591,0.766481,0.9926438,0.8044813,0.0,0.9999957
10,11,0.97991097,0.219915,1.0007766,0.24880944,0.0,0.99999785
10,12,0.014878847,0.26447758,0.09181983,0.3991121,0.0,0.99969554
10,13,0.58111507,0.005848378,0.879307,0.24358751,0.0,0.99999535
10,14,0.0026321965,0.54890627,0.012643557,0.6101412,0.0,0.99999166
10,15,0.019507412,0.017485466,0.068552345,0.09563601,0.0,0.99997723
10,16,0.57766986,0.43435138,0.7439638,0.5504303,0.0,0.9999995
10,17,0.67945796,0.7243195,0.96575975,0.9660421,0.0,0.99999654
10,18,0.9772185,0.3452037,1.0046496,0.37538388,0.0,0.9999918
10,19,0.0013718759,0.005357301,0.012332952,0.036602207,0.0,0.9999372
11,0,0.6342849,0.39834395,0.7612169,0.5355483,2.0,0.99502903
11,1,0.5780346,0.3519044,0.6663212,0.4645118,1.0,0.99903107
11,2,0.7101064,0.489055,0.80301774,0.6151533,3.0,0.9992387
11,3,0.58135766,0.37176,0.6289782,0.4567489,0.0,1.0
11,4,0.54721624,0.36869663,0.65343326,0.4479567,0.0,0.9999273
11,5,0.023589324,0.27415377,0.08287573,0.3898376,0.0,0.9999883
11,6,0.87652415,0.8789823,1.0332704,1.0207139,0.0,0.99999726
11,7,0.72477674,0.32169318,0.7985075,0.43150413,0.0,1.0
11,8,0.0078110993,-0.0073143393,0.16560514,0.32474685,0.0,0.9999995
11,9,0.7847822,0.46986854,0.83320117,0.58350694,0.0,1.0
11,10,0.007218222,0.9720606,0.031612907,1.0043234,0.0,0.9999974
11,11,0.02083426,0.82267326,0.092109956,0.96098006,0.0,0.9999119
11,12,0.017038517,0.12925714,0.067455396,0.3550176,0.0,0.99998534
11,13,0.034386396,0.016900502,0.15514444,0.083016194,0.0,0.99956447
11,14,0.9699651,0.75820404,1.0023708,0.7829454,0.0,0.99999785
11,15,0.022258244,0.02335491,0.13316903,0.18694466,0.0,0.999678
11,16,0.53812355,0.28925923,0.75330687,0.41664666,0.0,0.99999917
11,17,0.0054169083,0.26797318,0.025768686,0.37204957,0.0,0.99999607
11,18,0.60553324,0.5585459,0.65640366,0.6505073,0.0,0.99997914
11,19,0.7262139,0.34973615,0.81027764,0.45966896,0.0,0.99999297
12,0,0.6261985,0.45083314,0.7339144,0.56281954,2.0,0.9998073
12,1,0.71128917,0.49700457,0.8011577,0.6253073,3.0,0.9997265
12,2,0.5402684,0.4051235,0.64692724,0.51310223,1.0,0.9996482
12,3,0.85407364,0.5028823,0.92837584,0.625665,0.0,0.9999999
12,4,0.5884607,0.29360744,0.67230636,0.37948507,0.0,0.9999987
12,5,0.9757534,0.84138715,0.99627435,0.87372136,0.0,0.99994814
12,6,0.6291237,0.5530792,0.7458404,0.63316023,0.0,0.9999262
12,7,0.0062881634,0.969646,0.0323717,1.004102,0.0,0.9999809
12,8,0.50265425,0.47893503,0.7372021,0.75193846,0.0,1.0
12,9,0.90009457,0.6177973,0.9766366,0.73331916,0.0,0.99991524
12,10,0.64661247,0.6229878,0.8867563,0.9992492,0.0,0.9999989
12,11,0.0013569044,0.3572218,0.023660697,0.4294601,0.0,0.9999342
12,12,0.9721854,0.9421751,1.0027255,0.9692134,0.0,0.99996257
12,13,0.7237053,0.122153625,0.94362086,0.38204795,0.0,0.99999595
12,14,0.014362529,0.015340634,0.065850705,0.09883197,0.0,0.9992786
12,15,0.7983539,0.3718808,0.94995236,0.6376871,0.0,0.99999607
12,16,0.908587,0.53843856,0.9956312,0.62270236,0.0,0.99999726
12,17,0.5371532,0.5040939,0.627474,0.5674973,0.0,0.9999703
12,18,0.7808198,0.505164,0.8608582,0.6241359,0.0,0.9999856
12,19,0.53016555,0.5885687,0.6236204,0.6854983,0.0,0.99999595
13,0,0.7768771,0.4429188,0.87132436,0.5798948,3.0,0.99987745
13,1,0.6848837,0.38439187,0.794993,0.5062187,2.0,0.9997787
13,2,0.59341586,0.3576525,0.68171513,0.47817302,1.0,0.9995427
13,3,0.47955322,0.41541684,0.64481914,0.5283996,0.0,0.9999976
13,4,0.652336,0.20184603,0.7472713,0.3155423,0.0,0.9999995
13,5,0.9847304,0.002657406,0.9998493,0.019778231,0.0,0.9999591
13,6,0.009396829,0.4331788,0.047509223,0.51179445,0.0,0.999995
13,7,0.6861774,0.40438524,0.76675117,0.46534905,0.0,0.99964416
13,8,0.7132569,0.26088917,0.8181727,0.35599694,0.0,0.99998415
13,9,0.9555822,0.56148756,0.98667985,0.6511442,0.0,1.0
13,10,0.7016221,0.25804418,0.8247503,0.39198107,0.0,0.9999682
13,11,0.5160876,0.53780717,0.6096714,0.6280314,0.0,0.9999906
13,12,0.5257079,0.553125,0.6355953,0.6624653,0.0,0.9999976
13,13,0.7784567,0.540425,0.7991705,0.5630144,0.0,0.99999976
13,14,0.50920224,0.37928337,0.59199643,0.47251475,0.0,0.9999989
13,15,0.68507826,0.4508602,0.77812314,0.52492404,0.0,1.0
13,16,0.009931279,0.9512264,0.04769227,1.0038618,0.0,0.9999428
13,17,0.91467834,0.28461498,1.0156121,0.38635242,0.0,0.99999726
13,18,0.8648266,0.32488823,0.9362919,0.43848932,0.0,0.99999964
13,19,0.8975578,0.82608306,1.0247962,0.96040857,0.0,0.9997633
14,0,0.707151,0.5298005,0.82774997,0.6514445,2.0,0.9999291
14,1,0.7811302,0.60287327,0.87724596,0.7275151,3.0,0.9982596
14,2,0.6178137,0.47886902,0.72460544,0.5936983,1.0,0.99968994
14,3,0.8551309,0.592136,0.87732065,0.6323607,0.0,0.9999883
14,4,0.93032604,0.94015217,1.0044096,1.0056813,0.0,0.9999782
14,5,0.911438,0.44105512,0.9849253,0.58576685,0.0,0.9999999
14,6,0.6898439,0.62516713,0.7766849,0.69205433,0.0,0.9999982
14,7,0.95373976,0.9690208,1.005431,1.0042579,0.0,0.9999622
14,8,0.62640065,0.51214314,0.6853638,0.5856193,0.0,1.0
14,9,0.6359485,0.41889948,0.75943995,0.4979142,0.0,0.99999094
14,10,0.46631935,0.4288771,0.5692457,0.5196483,0.0,0.9999993
14,11,0.76803756,0.3522401,0.8683254,0.45806247,0.0,0.99999857
14,12,0.7728533,0.29354882,0.9411416,0.47008488,0.0,0.9979126
14,13,0.46521682,0.3287833,0.5556687,0.4263499,0.0,1.0
14,14,0.76471525,0.13355818,0.863455,0.26281095,0.0,0.9999987
14,15,0.7077467,0.26305732,0.8323555,0.3689362,0.0,0.99999905
14,16,0.5256458,0.49399742,0.5909195,0.5830343,0.0,0.9998361
14,17,0.5317069,0.42613816,0.7436654,0.614218,0.0,0.9999757
14,18,0.81888807,0.55094373,0.8842032,0.67385286,0.0,1.0
14,19,0.7037766,0.62881285,0.7207703,0.6442422,0.0,0.999884
15,0,0.6996041,0.34002835,0.8009936,0.46365365,1.0,0.99984396
15,1,0.8868669,0.44323894,0.99964076,0.57293713,3.0,0.99930394
15,2,0.79970753,0.38329068,0.9210673,0.513464,2.0,0.99929345
15,3,0.90709007,0.23493819,0.98720944,0.33967602,0.0,0.99999976
15,4,0.9786228,0.63381284,0.99395174,0.66797376,0.0,0.99999905
15,5,0.9138781,0.2864037,0.9797865,0.404596,0.0,0.9999989
15,6,0.0034236591,0.4223863,0.02693354,0.5460011,0.0,0.99997854
15,7,0.7480408,0.39755368,0.81153,0.48159897,0.0,0.9999999
15,8,0.9068951,0.431589,0.9567959,0.5473992,0.0,0.99983275
15,9,0.82730937,0.5418393,0.89994323,0.6175049,0.0,0.9997565
15,10,0.502866,0.25330415,0.7164727,0.4196732,0.0,0.99999976
15,11,0.00072458386,-0.018243648,0.12839016,0.1967026,0.0,0.99997723
15,12,0.76711154,-0.025436863,0.92792475,0.15837637,0.0,0.9999691
15,13,0.7489564,0.24464077,0.8322783,0.3162042,0.0,0.9999237
15,14,0.0028009694,0.51211447,0.018830057,0.53931063,0.0,0.9999876
15,15,0.7099931,0.5806395,0.8197904,0.68289936,0.0,0.99998975
15,16,0.9748501,0.010274014,0.99454695,0.034057904,0.0,0.9999964
15,17,0.88191605,0.096553,0.9948211,0.18482095,0.0,0.9999994
15,18,0.6173514,0.4577332,0.8648821,0.79330975,0.0,0.99999213
15,19,0.97889274,0.7490909,1.0009794,0.7701236,0.0,0.999948
16,0,0.7425685,0.35315812,0.8728104,0.49494484,2.0,0.99975187
16,1,0.8508237,0.41802603,0.97168,0.5650516,3.0,0.9996809
16,2,0.629061,0.33989885,0.7465422,0.47118095,1.0,0.9987068
16,3,0.7343085,0.3637201,0.821036,0.48236272,0.0,0.9999975
16,4,0.9749556,0.16079184,1.0010383,0.18643755,0.0,0.9999999
16,5,0.63690287,0.15284398,0.7124999,0.26974574,0.0,1.0
16,6,0.0044612847,0.38790917,0.030163117,0.49928078,0.0,0.999992
16,7,0.7681835,0.31263113,0.88479877,0.40259993,0.0,1.0
16,8,0.67152494,0.35535017,0.87057364,0.57486045,0.0,0.99999845
16,9,0.008964151,0.9036289,0.053705335,1.0035597,0.0,0.9999747
16,10,0.8924907,0.105153024,0.9939272,0.19296029,0.0,0.99999964
16,11,0.8378322,0.34138545,1.000016,0.5770088,0.0,0.9997454
16,12,0.62404394,0.3025941,0.80173105,0.42069343,0.0,0.9999982
16,13,0.70519453,0.5353951,0.7759819,0.6352546,0.0,0.99990916
16,14,0.7429687,0.47210342,0.84279704,0.53293157,0.0,0.9999987
16,15,0.6191174,0.34068492,0.6420246,0.3727474,0.0,0.99999356
16,16,0.0053327493,0.96901774,0.030503422,1.0035577,0.0,0.99999297
16,17,0.76774657,0.02569886,0.89174044,0.10807605,0.0,0.9999862
16,18,0.486699,0.38514456,0.5798987,0.4948925,0.0,0.9999981
16,19,0.012907911,0.13209748,0.0872547,0.27366382,0.0,0.999941
17,0,0.8585626,0.50802815,0.9615088,0.65469235,3.0,0.9997441
17,1,0.7648431,0.41985416,0.90129113,0.5658654,2.0,0.9994356
17,2,0.64484245,0.38942146,0.76116824,0.5195559,1.0,0.9991129
17,3,0.65270245,0.7199756,0.742366,0.8437291,0.0,0.99999976
17,4,0.79848117,0.42537227,0.9167995,0.54539466,0.0,0.9997563
17,5,0.010348652,0.20662767,0.08178899,0.32318175,0.0,0.99998736
17,6,0.52394414,0.52579826,0.61248624,0.63315237,0.0,0.9999993
17,7,0.53054184,0.014377147,0.6456425,0.100845054,0.0,0.99999917
17,8,0.0023535895,0.32929444,0.01673323,0.39129356,0.0,0.99996233
17,9,0.64128053,0.7765515,0.7433937,0.91020954,0.0,0.9999999
17,10,0.0019162679,0.29791182,0.018282443,0.35943085,0.0,0.9999732
17,11,0.00817598,0.6863634,0.029062096,0.79880494,0.0,0.99995935
17,12,0.7085225,0.58484185,0.77628374,0.68850696,0.0,0.9999933
17,13,0.67268395,0.5879079,0.8070022,0.75261706,0.0,0.9999994
17,14,0.57948536,0.84943885,0.7214942,0.9811642,0.0,0.9999993
17,15,0.00229768,0.5165077,0.025427304,0.5455296,0.0,0.99996793
17,16,0.97941715,0.88032675,1.0044342,0.9070336,0.0,0.9999181
17,17,0.01253413,0.46082294,0.0764205,0.7088181,0.0,0.9999536
17,18,0.97223526,0.016601427,0.99863714,0.04409478,0.0,0.99996305
17,19,0.43427092,-0.023058176,0.7161911,0.18761662,0.0,0.99999964
18,0,0.6613244,0.3807076,0.74709034,0.49541104,1.0,0.9997031
18,1,0.7568384,0.38485298,0.8597647,0.497348,2.0,0.99966896
18,2,0.82983375,0.4389994,0.9296608,0.56117046,3.0,0.99992585
18,3,0.38080984,0.2964716,0.58164215,0.62874913,0.0,0.999998
18,4,0.9695726,0.30619726,0.99614775,0.32584164,0.0,0.9999912
18,5,0.6154518,0.62236214,0.8738785,0.9722366,0.0,0.99996424
18,6,0.010722438,0.9539052,0.045621336,1.0011152,0.0,0.9999963
18,7,0.9498206,0.9668181,1.002683,1.0036445,0.0,0.9999738
18,8,0.9340398,0.3315016,1.0084082,0.40792483,0.0,0.9999763
18,9,0.8039249,0.4208538,0.8210575,0.44892588,0.0,1.0
18,10,0.57592237,0.4354481,0.6768629,0.5294488,0.0,0.99999917
18,11,0.003192762,0.8926557,0.016246287,0.9504665,0.0,0.999984
18,12,0.019826667,0.010695649,0.06682785,0.0431571,0.0,0.99998474
18,13,0.8779032,0.4250129,0.89559174,0.49686345,0.0,1.0
18,14,0.9765299,0.009646438,0.9924336,0.03344976,0.0,0.99999595
18,15,0.9672122,0.9707206,1.0039495,1.0027831,0.0,0.9998714
18,16,0.028744826,0.41229048,0.086189575,0.51686656,0.0,0.9999937
18,17,0.7820984,0.3491973,0.8700761,0.4710094,0.0,0.99885297
18,18,0.957719,0.49187484,0.9887823,0.5651566,0.0,1.0
18,19,0.8926096,0.40276352,0.9661258,0.50347984,0.0,0.99999976
19,0,0.7449566,0.43069202,0.8507283,0.563292,3.0,0.9829505
19,1,0.6459123,0.40350196,0.7648732,0.5218625,2.0,0.9998698
19,2,0.53422827,0.38642424,0.63923615,0.50324476,1.0,0.9998839
19,3,0.6525224,0.27790493,0.77944255,0.35647282,0.0,0.9999244
19,4,0.5723931,0.48131305,0.63934433,0.56443036,0.0,0.9999672
19,5,0.043708485,0.013053469,0.14171979,0.07748624,0.0,0.999962
19,6,0.62373036,0.5427666,0.7571118,0.6019516,0.0,0.9998838
19,7,0.61199665,0.30227554,0.7107101,0.3862338,0.0,0.9999981
19,8,0.0059593096,0.2584449,0.02920577,0.36047176,0.0,0.9999926
19,9,0.89908445,0.3276249,0.98955137,0.44649345,0.0,0.9999747
19,10,0.5985611,0.43579563,0.6940647,0.54606724,0.0,0.9999633
19,11,0.9300133,0.9849535,0.9648036,1.0043505,0.0,0.99997973
19,12,0.008303285,0.0077812504,0.030388046,0.046286106,0.0,0.99995697
19,13,0.013469566,0.01291896,0.040222313,0.071193665,0.0,0.9999788
19,14,0.5287253,0.2620694,0.62808025,0.35352436,0.0,0.99999833
19,15,0.7262616,0.21179745,0.81798315,0.30870375,0.0,0.9999964
19,16,-0.00088484585,0.6634757,0.12261952,1.0164168,0.0,0.99997234
19,17,0.82133156,0.52549046,0.9033731,0.6198902,0.0,0.9999763
19,18,0.72138405,0.5242355,0.7768674,0.55776614,0.0,0.9999945
19,19,0.8116041,0.2436901,0.9617689,0.47659433,0.0,0.99998593
20,0,0.78057885,0.41915333,0.87354296,0.5634332,3.0,0.9997695
20,1,0.6782735,0.35352838,0.803481,0.4824881,2.0,0.99997103
20,2,0.5684908,0.34827211,0.66402376,0.4525484,1.0,0.9998671
20,3,0.6735371,0.3622435,0.70392543,0.39442062,0.0,0.999985
20,4,0.35236752,0.34939575,0.5857015,0.6142657,0.0,0.99999845
20,5,0.4752586,0.5706116,0.5680611,0.67067343,0.0,1.0
20,6,0.72529703,0.15764087,0.8475846,0.324229,0.0,0.99993837
20,7,0.6700705,0.52139175,0.7429807,0.6096814,0.0,0.9999999
20,8,0.0023969556,0.008607057,0.013465961,0.037670817,0.0,0.9999653
20,9,0.9355755,0.44551432,1.011406,0.49436164,0.0,0.9999993
20,10,0.56562376,0.25596714,0.6157067,0.3180777,0.0,1.0
20,11,0.8357179,0.42999145,0.8933935,0.56692874,0.0,0.9978929
20,12,0.62460965,0.25378597,0.8564793,0.4827171,0.0,0.9992561
20,13,0.0009995066,0.5202829,0.10060863,0.91964906,0.0,0.9999571
20,14,0.72083324,0.3618703,0.74198496,0.3808538,0.0,1.0
20,15,-0.001605995,0.68859553,0.12448526,1.021406,0.0,0.99997354
20,16,0.020743053,0.2820108,0.08516705,0.39523607,0.0,0.99999547
20,17,0.0024881298,0.015405534,0.010672509,0.062202543,0.0,0.9999523
20,18,0.9028465,0.48471493,0.9880293,0.61035496,0.0,0.9999815
20,19,0.5419293,-0.018482223,0.88560027,0.19300495,0.0,0.9999809
21,0,0.7236638,0.4090227,0.8228877,0.55292034,3.0,0.99980646
21,1,0.6263625,0.3615544,0.7313096,0.48047924,2.0,0.9996325
21,2,0.51831055,0.34270823,0.6154582,0.46445042,1.0,0.9959681
21,3,0.8971627,0.27434856,1.0174581,0.36785105,0.0,1.0
21,4,0.022285115,0.15084966,0.07121223,0.265496,0.0,0.99999046
21,5,0.7641903,0.5399235,0.9699589,0.7161598,0.0,0.99999726
21,6,0.5978744,0.020225164,0.7043884,0.08711375,0.0,0.99999905
21,7,0.85299075,0.4531773,0.91538966,0.56987005,0.0,1.0
21,8,0.8846542,0.79344356,1.0238986,0.88357955,0.0,0.9999962
21,9,0.008441871,0.101567775,0.030504962,0.18283841,0.0,0.99999905
21,10,0.7882808,0.48949832,0.85715383,0.6001873,0.0,1.0
21,11,0.008582857,0.45983213,0.03875728,0.5505596,0.0,0.9999988
21,12,-0.0031473897,0.6999099,0.124414116,1.0283656,0.0,0.9999505
21,13,0.46141484,0.015663676,0.5763779,0.08450427,0.0,0.99999905
21,14,0.687954,0.49175933,0.7272686,0.51384723,0.0,0.99991226
21,15,0.5320115,0.21979782,0.60727215,0.31112373,0.0,1.0
21,16,0.70038086,0.07963699,0.9824841,0.3562348,0.0,0.9999963
21,17,0.97430557,0.33325097,0.9928098,0.36207286,0.0,0.9999989
21,18,0.9748719,0.4905041,0.9973633,0.514208,0.0,0.99999225
21,19,0.019061076,0.21754089,0.073926486,0.32303792,0.0,0.99999845
22,0,0.7425516,0.3438445,0.85876334,0.47893378,2.0,0.9999099
22,1,0.6326625,0.3030193,0.73257476,0.44208282,1.0,0.9995042
22,2,0.82457465,0.41458502,0.93453914,0.5602327,3.0,0.99984276
22,3,0.9701042,0.9371622,1.001764,0.97030747,0.0,0.9999901
22,4,0.3609451,0.39203194,0.41682196,0.495528,0.0,0.9999999
22,5,0.002896553,0.96669066,0.03448315,1.0035464,0.0,0.9998994
22,6,0.010205401,0.8235813,0.033884242,0.9488735,0.0,0.9998865
22,7,0.56548035,0.4765667,0.675504,0.59058964,0.0,0.9998381
22,8,0.008144877,0.21363743,0.025034726,0.3113619,0.0,0.9999919
22,9,0.9450233,0.55431193,0.9831734,0.64048207,0.0,0.99999964
22,10,0.002073646,0.7363233,0.013710838,0.7911262,0.0,0.9998925
22,11,0.9051288,0.36701626,1.0229208,0.5160397,0.0,0.99993575
22,12,0.5327075,0.55792814,0.65148747,0.6542972,0.0,0.9999993
22,13,0.701148,0.20232475,0.79309666,0.2975253,0.0,0.99999976
22,14,0.94852877,0.36915922,1.0204624,0.43817854,0.0,0.9999976
22,15,0.015491746,0.12144341,0.07918562,0.35206664,0.0,0.9996878
22,16,0.5529185,0.52528185,0.6187968,0.6209912,0.0,0.999992
22,17,0.014309991,0.62700796,0.08561459,0.8848694,0.0,0.9993104
22,18,0.85379183,0.86443263,1.0323014,1.0157645,0.0,0.9999945
22,19,0.5763123,0.52285504,0.62367946,0.5974005,0.0,0.99999845
23,0,0.49650067,0.3711912,0.59832305,0.4791915,2.0,0.99998176
23,1,0.57682973,0.42189133,0.66128755,0.5460419,3.0,0.99694914
23,2,0.40729743,0.3459185,0.49218297,0.45438147,1.0,0.99992025
23,3,0.51431274,0.51208496,0.6107098,0.61969614,0.0,0.99976295
23,4,0.009188574,0.3374653,0.033976663,0.44167045,0.0,0.9999901
23,5,0.90875274,0.7665955,1.0186908,0.978035,0.0,0.9999957
23,6,0.59662247,0.34297538,0.6679846,0.4658275,0.0,1.0
23,7,0.68754995,0.44215846,0.7304675,0.5095581,0.0,1.0
23,8,0.007404375,0.7621194,0.025022347,0.87296265,0.0,0.9999856
23,9,0.4210484,0.08282678,0.6182194,0.3610314,0.0,1.0
23,10,0.76752263,0.72652715,0.8997984,0.84692,0.0,0.99994326
23,11,0.72065747,0.25923416,0.85768086,0.4202676,0.0,0.9999777
23,12,0.9693072,0.42857158,0.99786437,0.48187488,0.0,0.999936
23,13,0.9692585,0.3947501,1.0009394,0.42275095,0.0,0.99999
23,14,0.85940874,-0.004803717,1.0210257,0.110571116,0.0,0.9998196
23,15,0.45870078,0.47312188,0.57761145,0.6228399,0.0,0.9999944
23,16,0.9734979,0.9290757,0.99884516,0.9535903,0.0,0.99998796
23,17,0.9812961,0.0012064222,1.0021355,0.020471718,0.0,0.9997875
23,18,0.511608,0.36253452,0.53544796,0.43149897,0.0,1.0
23,19,0.97504884,0.22330034,1.0054586,0.24631424,0.0,0.99995935
24,0,0.79337984,0.42805964,0.8670941,0.53850245,3.0,0.9984676
24,1,0.7027793,0.42907253,0.7928763,0.53542876,2.0,0.9984164
24,2,0.61453456,0.3927552,0.7152578,0.49832103,1.0,0.9994136
24,3,0.65036994,0.5244304,0.729844,0.62336624,0.0,0.9999912
24,4,0.97402084,0.9539701,0.9929499,0.99761754,0.0,0.9999981
24,5,0.7031573,0.38654965,0.82497084,0.47465488,0.0,0.9999969
24,6,0.32171217,-0.021896198,0.61981964,0.18024649,0.0,0.9999962
24,7,0.9783524,0.723251,0.9978164,0.75949234,0.0,0.9999924
24,8,0.79999995,0.488099,0.88054323,0.6007848,0.0,0.9999995
24,9,0.8945669,0.8298693,1.0177671,0.95270663,0.0,0.999987
24,10,0.7189861,0.6073189,0.8880336,0.7750235,0.0,0.9998061
24,11,0.75825673,0.32314956,0.8252892,0.39984548,0.0,0.99999857
24,12,0.007875553,0.69605875,0.02759017,0.7924773,0.0,0.99998605
24,13,0.6375663,0.622509,0.89982444,0.98439175,0.0,0.99996674
24,14,0.95091945,0.008454019,0.9922502,0.042667873,0.0,0.99998915
24,15,0.62302065,0.3858299,0.73492503,0.48857048,0.0,0.9999763
24,16,0.5846939,0.20427743,0.67869395,0.31266233,0.0,1.0
24,17,0.016193513,0.2023764,0.079992786,0.31886107,0.0,0.9999865
24,18,0.97200364,0.9710968,1.0016875,1.0009956,0.0,0.9999902
24,19,0.010542621,0.2664321,0.04007576,0.36696994,0.0,0.99999726
25,0,0.6735638,0.43609682,0.78764284,0.5762801,2.0,0.9998448
25,1,0.774089,0.4686899,0.88089323,0.614197,3.0,0.9998074
25,2,0.5590615,0.40362695,0.6589051,0.5421972,1.0,0.99884987
25,3,0.744799,0.59466124,0.77643555,0.61582917,0.0,0.9998975
25,4,0.614485,0.64190435,0.65350705,0.70526457,0.0,1.0
25,5,0.89945835,0.37147963,0.9967839,0.48971972,0.0,0.99999976
25,6,0.0006753914,0.67419785,0.12513022,1.0429064,0.0,0.99995136
25,7,0.020794224,0.61753863,0.0848794,0.8424134,0.0,0.999995
25,8,0.8270036,0.47266605,0.83749735,0.5052906,0.0,1.0
25,9,0.50491554,0.3473578,0.65217936,0.44189227,0.0,0.9999976
25,10,0.9730891,0.4919242,0.9934311,0.510001,0.0,0.99999905
25,11,0.62885815,0.3565613,0.7063984,0.421579,0.0,0.9998441
25,12,0.74525666,0.3881411,0.7614074,0.40749782,0.0,0.9999901
25,13,0.6471483,0.39549828,0.86096317,0.60390973,0.0,0.999321
25,14,0.020504214,0.3676248,0.08613941,0.5977484,0.0,0.9999957
25,15,0.42940485,0.08587617,0.62203205,0.34893796,0.0,0.99999225
25,16,0.020004295,0.23806867,0.083311565,0.47141957,0.0,0.9999962
25,17,0.93856734,0.53222626,0.9899077,0.58449674,0.0,0.9999995
25,18,0.6086153,0.2974979,0.8681898,0.4968893,0.0,0.99999964
25,19,0.7201487,0.31569856,0.7971306,0.41121197,0.0,0.9999845
26,0,0.67601514,0.39323458,0.78157634,0.50172496,2.0,0.99929976
26,1,0.7515692,0.45340917,0.83994526,0.56698066,3.0,0.9998659
26,2,0.5816719,0.3622104,0.67843854,0.463135,1.0,0.99843043
26,3,0.035272818,0.0037040226,0.15385221,0.077982634,0.0,0.9998988
26,4,0.36243948,0.32913816,0.5971513,0.5992902,0.0,0.9999907
26,5,0.31431496,-0.023484237,0.6095251,0.16577417,0.0,0.9999963
26,6,0.7168335,0.4251709,0.748347,0.45625743,0.0,1.0
26,7,0.7890457,0.22791588,0.9650694,0.5213094,0.0,0.9999982
26,8,0.85362065,0.22426783,0.98718023,0.32226953,0.0,0.99988616
26,9,0.8552635,0.2959804,0.93062055,0.4058897,0.0,0.99999976
26,10,0.46967775,0.45355186,0.57357794,0.52607155,0.0,0.999982
26,11,0.8591738,0.84480757,0.94442457,1.0084515,0.0,0.9996555
26,12,0.89233214,0.54396045,0.99918187,0.6721173,0.0,0.999997
26,13,0.898248,0.28582162,0.9897605,0.39240682,0.0,0.9999937
26,14,0.58133334,0.36240092,0.5974808,0.3844888,0.0,0.9999982
26,15,0.006895139,0.006771723,0.02847379,0.060953967,0.0,0.99993277
26,16,0.90517133,0.38983193,0.9929254,0.48647803,0.0,0.9999995
26,17,0.01671281,0.12656775,0.08594826,0.3576701,0.0,0.9999211
26,18,0.9790501,0.28287748,1.0043986,0.3037148,0.0,0.9999682
26,19,0.9203313,0.8758476,1.0010068,1.0023862,0.0,0.99991894
27,0,0.7906672,0.44286513,0.8795017,0.59242547,3.0,0.999887
27,1,0.6746185,0.392232,0.78657424,0.5136743,2.0,0.99993706
27,2,0.5425551,0.3977224,0.646531,0.52356005,1.0,0.999701
27,3,0.001013869,0.3677274,0.011889182,0.42338395,0.0,0.9999019
27,4,0.45551112,0.46664307,0.5131827,0.56950015,0.0,0.99999774
27,5,0.7190183,0.57895607,0.815924,0.69549435,0.0,0.99997866
27,6,0.68440104,0.39744994,0.707867,0.43078774,0.0,0.99999857
27,7,0.5950544,-0.0042820275,0.8832161,0.24327578,0.0,0.99998736
27,8,0.6599758,0.43613148,0.8872057,0.7459848,0.0,0.99999785
27,9,0.82001483,0.43550727,0.83770156,0.47398192,0.0,0.99999523
27,10,0.7711214,0.42170498,0.792503,0.4423293,0.0,0.99999297
27,11,0.9054357,0.5694343,0.9833518,0.6673681,0.0,0.99999785
27,12,0.6927246,0.37390915,0.7523784,0.40870878,0.0,0.9999989
27,13,0.85665303,0.8656608,0.94122916,0.99846196,0.0,0.99998486
27,14,0.7844915,0.17563236,0.948026,0.3420223,0.0,0.9999546
27,15,0.9151249,0.511343,0.9869456,0.62572485,0.0,0.9999994
27,16,0.54094577,0.54227054,0.58526945,0.6009528,0.0,0.99999976
27,17,0.68099225,0.5395125,0.7571666,0.6529743,0.0,0.9999547
27,18,0.4373948,0.4914653,0.5578786,0.6066582,0.0,0.99999964
27,19,0.0076252185,0.50997907,0.030225568,0.6069142,0.0,0.9999895
28,0,0.737355,0.34680223,0.85759574,0.47481197,2.0,0.99979764
28,1,0.8394648,0.40549067,0.9311501,0.5450911,3.0,0.9965005
28,2,0.62872714,0.3011371,0.72958267,0.4452994,1.0,0.99858886
28,3,0.75127786,0.43926644,0.882118,0.5507439,0.0,0.9999701
28,4,0.7350693,0.36378896,0.81573516,0.44091398,0.0,1.0
28,5,0.84909075,0.4962761,0.9313638,0.60882765,0.0,0.99999857
28,6,0.6572474,0.66434896,0.7571094,0.77345157,0.0,1.0
28,7,0.009581148,0.97066426,0.032933064,1.0051627,0.0,0.99999833
28,8,0.6670293,0.5944852,0.7956821,0.7716055,0.0,0.9999943
28,9,0.8979207,0.72053593,0.9914623,0.8171639,0.0,0.9999937
28,10,0.97609425,0.11891923,0.9988077,0.14197662,0.0,0.99999976
28,11,0.97614276,0.83701164,0.9980999,0.8617837,0.0,0.9999852
28,12,0.8049507,0.24674037,0.9831927,0.5298158,0.0,0.99999595
28,13,0.64579535,0.28085047,0.852946,0.47663376,0.0,0.9998615
28,14,0.8193032,0.39462543,0.90376383,0.5031301,0.0,0.9257969
28,15,0.9106779,0.5819267,0.99087656,0.687545,0.0,0.99999964
28,16,0.027174797,0.370688,0.09018023,0.59589565,0.0,0.9999938
28,17,0.7772761,0.20243844,0.87849134,0.31170478,0.0,1.0
28,18,0.75955373,0.334049,0.9027364,0.4401137,0.0,0.99999595
28,19,0.9742396,0.94445497,0.99713314,0.9695469,0.0,0.9999949
29,0,0.6116963,0.4312979,0.72303176,0.54873836,2.0,0.9997197
29,1,0.52558935,0.3906086,0.63036686,0.5040288,1.0,0.9990301
29,2,0.7027844,0.4861958,0.7844287,0.60131717,3.0,0.99963605
29,3,0.45797867,0.4597729,0.55910414,0.5264117,0.0,0.9999944
29,4,0.97064793,0.96983784,1.0004011,1.0023052,0.0,0.9999933
29,5,0.9124194,0.51653796,0.99882215,0.60535425,0.0,0.99999976
29,6,0.79703087,0.6821077,0.9473792,0.8496057,0.0,0.99998486
29,7,0.0032149488,0.43423113,0.019427948,0.48685086,0.0,0.9999968
29,8,0.97425276,0.82199717,0.9969581,0.8417331,0.0,0.9999981
29,9,0.7941867,0.2873545,0.9429553,0.4657892,0.0,0.99999857
29,10,0.7166094,0.60991776,0.88472843,0.7797443,0.0,0.99993527
29,11,0.974021,0.805791,0.9978302,0.8265104,0.0,0.99999607
29,12,0.9863169,0.98588705,1.0014429,1.0009605,0.0,0.99999
29,13,0.012614712,0.50617146,0.0915078,0.6378037,0.0,0.9999962
29,14,0.5110442,0.4888033,0.5874618,0.59182453,0.0,0.999959
29,15,0.009703886,0.8246814,0.036153127,0.94125,0.0,0.9999944
29,16,0.024419632,0.33151716,0.0908827,0.4595793,0.0,0.99999464
29,17,0.529416,0.588777,0.63340133,0.69305354,0.0,0.9999993
29,18,0.7792525,0.8583561,0.93813694,0.9862268,0.0,0.9999759
29,19,0.68556213,0.4854533,0.7163378,0.5322587,0.0,0.99999964
30,0,0.67020875,0.39650804,0.7558198,0.50380707,1.0,0.99925095
30,1,0.76534206,0.38824728,0.87143874,0.5062548,2.0,0.9997596
30,2,0.83925796,0.43995523,0.9399473,0.5712035,3.0,0.99970776
30,3,0.973999,0.9388346,0.99661195,0.96744454,0.0,0.99999666
30,4,0.9726859,0.80466443,0.9991071,0.82752955,0.0,0.9999981
30,5,0.018615853,0.01308687,0.13077118,0.1911154,0.0,0.9998648
30,6,0.5688472,0.36903,0.6838731,0.47221738,0.0,0.99999034
30,7,0.013437023,0.002851855,0.06810135,0.095119864,0.0,0.9999685
30,8,0.6787823,0.34078115,0.7717364,0.4277904,0.0,0.99999964
30,9,0.8437271,0.17783843,0.92300457,0.34940124,0.0,0.99939144
30,10,0.8942368,0.8164251,1.0106276,0.9617515,0.0,0.9999975
30,11,0.6683438,0.38562185,0.82378924,0.56648016,0.0,0.9999981
30,12,0.4383821,0.44071758,0.5043084,0.54100776,0.0,0.999998
30,13,0.8748996,0.6276963,0.9931216,0.775107,0.0,0.99950135
30,14,0.9754374,0.77090085,0.99302447,0.8055235,0.0,0.9999958
30,15,0.5773227,0.20676252,0.6938377,0.30958936,0.0,1.0
30,16,0.69116724,0.38184193,0.74082476,0.5087654,0.0,0.99991405
30,17,0.62710524,0.02258318,0.7308361,0.13306692,0.0,0.9999937
30,18,0.49190092,0.5904455,0.7590053,0.9780379,0.0,0.9999871
30,19,0.98235774,0.92004913,0.99950343,0.9505537,0.0,0.99999785
31,0,0.6713398,0.33095318,0.8115113,0.4794259,2.0,0.9998833
31,1,0.5526647,0.3123082,0.66757196,0.45034823,1.0,0.9995291
31,2,0.76761955,0.40370542,0.8967106,0.5573499,3.0,0.9998338
31,3,0.4703058,0.45823157,0.73313224,0.79718447,0.0,0.9999994
31,4,0.005642471,0.7533272,0.022765633,0.8568389,0.0,0.9999708
31,5,0.5223343,0.20119445,0.64141804,0.29728842,0.0,0.9999994
31,6,0.6427105,0.0149764605,0.76473856,0.09181014,0.0,0.9999937
31,7,0.76721835,0.09370702,0.89010835,0.2561367,0.0,0.99977
31,8,0.0069435043,0.9693348,0.03337439,1.0050243,0.0,0.99999785
31,9,0.9746895,0.9140521,0.9982672,0.9373569,0.0,0.99999535
31,10,0.9732314,0.47408894,0.9920304,0.49643233,0.0,0.9999993
31,11,0.0040411986,0.4984681,0.033354018,0.6069984,0.0,0.9999995
31,12,0.5946114,0.21795061,0.6797687,0.329834,0.0,0.99999905
31,13,0.6532672,0.13608797,0.74275845,0.24609134,0.0,0.99999905
31,14,0.69913286,0.332741,0.7273069,0.3908438,0.0,1.0
31,15,0.7082967,0.32062536,0.74077326,0.3338435,0.0,0.9999989
31,16,0.73407155,0.09132017,0.9587168,0.34883904,0.0,0.9999969
31,17,0.013439909,0.19892633,0.091119856,0.3375653,0.0,0.99995303
31,18,0.0025734184,0.4046577,0.024991728,0.51009995,0.0,0.9999906
31,19,0.004597499,0.6192004,0.023316037,0.72373354,0.0,0.9997669
32,0,0.74252504,0.4024809,0.83393043,0.52986354,3.0,0.9995401
32,1,0.5126926,0.3794571,0.60541415,0.4933469,1.0,0.9992667
32,2,0.64330584,0.3736189,0.73101145,0.4748286,2.0,0.9993142
32,3,0.97389024,0.5074656,0.9978312,0.5534347,0.0,0.99999106
32,4,0.80987537,0.3810739,0.9445751,0.58072865,0.0,0.99998796
32,5,0.62506497,0.42020857,0.7383329,0.49609074,0.0,1.0
32,6,0.66117615,0.56236666,0.78238064,0.68181145,0.0,0.9999989
32,7,0.016679067,0.50375384,0.08621687,0.7103811,0.0,0.9999821
32,8,0.9729801,0.3520629,0.99594694,0.37153158,0.0,0.9999968
32,9,0.7852114,0.5217088,0.8501753,0.59753436,0.0,0.9999964
32,10,0.9224641,0.024341013,0.99259007,0.098434284,0.0,0.99998915
32,11,0.5698139,0.54816675,0.6901111,0.66325915,0.0,0.9999993
32,12,0.893768,0.022018526,1.0047059,0.13120472,0.0,0.99997914
32,13,0.9732414,0.4358303,0.9950928,0.47633815,0.0,0.9999751
32,14,0.018395828,0.008071978,0.07159191,0.041440766,0.0,0.9999485
32,15,0.97652566,0.6254769,0.9914578,0.6410586,0.0,1.0
32,16,0.6953781,0.4947314,0.80242425,0.58766234,0.0,0.99981004
32,17,0.83278626,0.45370564,0.89398307,0.55805093,0.0,1.0
32,18,0.8268202,0.5776438,0.9384638,0.6853159,0.0,0.9999951
32,19,0.8754021,0.420231,0.9483994,0.5231513,0.0,0.9999999
33,0,0.58410597,0.50022465,0.6914742,0.6161683,2.0,0.9998031
33,1,0.674005,0.5577619,0.7496737,0.6731461,3.0,0.9998938
33,2,0.4952195,0.4600739,0.5940071,0.5686677,1.0,0.9991221
33,3,0.51192117,0.6409979,0.6354022,0.7577244,0.0,0.9999926
33,4,0.60206157,0.3509857,0.6673643,0.44496745,0.0,0.9999913
33,5,0.51767296,0.49164522,0.57367706,0.5558485,0.0,0.99999964
33,6,0.7800949,-0.01957272,0.98388666,0.27893466,0.0,0.9999951
33,7,0.0055729784,0.38761556,0.031270847,0.4942237,0.0,0.9999856
33,8,0.007879019,0.7521889,0.030616153,0.86076486,0.0,0.99998343
33,9,0.5125488,0.61497295,0.78247833,0.9825116,0.0,0.999992
33,10,0.88423556,0.7261415,0.99752706,0.81968796,0.0,0.9999474
33,11,0.632924,0.6196939,0.66069055,0.6517758,0.0,0.99999404
33,12,0.60359055,0.3743566,0.6667077,0.46972764,0.0,0.99999917
33,13,6.8339636e-05,0.009659257,0.002908058,0.06368418,0.0,0.9998834
33,14,0.8218131,0.27061006,0.9414138,0.38010567,0.0,0.9999956
33,15,0.012962583,0.4474417,0.09665124,0.58006406,0.0,0.99981517
33,16,0.80963266,0.09989755,0.97696024,0.31378108,0.0,0.99999726
33,17,0.70078945,0.0932318,0.9504562,0.34731552,0.0,0.99999905
33,18,0.9849449,0.5478156,1.0003816,0.5715171,0.0,0.99999964
33,19,0.7014582,0.27713725,0.8541513,0.46183342,0.0,0.99995863
34,0,0.721156,0.3205592,0.852798,0.47833952,2.0,0.9999424
34,1,0.5785121,0.315836,0.7002821,0.4609723,1.0,0.9997247
34,2,0.82925284,0.3815097,0.9393376,0.55744797,3.0,0.9999193
34,3,0.6628592,0.5163636,0.72454256,0.6239376,0.0,0.9999999
34,4,0.0019062925,0.48211488,0.013659187,0.53750694,0.0,0.99997556
34,5,0.0068693366,0.1420602,0.028391803,0.23866338,0.0,0.99999
34,6,0.7860037,0.09646404,0.9232594,0.28125933,0.0,0.9999889
34,7,0.72880113,0.62565815,1.0001448,0.9064021,0.0,0.99997675
34,8,0.009667951,0.83158,0.032315616,0.93997014,0.0,0.9999882
34,9,0.57981294,0.09040789,0.82747316,0.39700842,0.0,0.9999999
34,10,0.007115531,0.57377005,0.033937704,0.6851659,0.0,0.9999708
34,11,0.72374916,0.50542516,0.7977069,0.6343504,0.0,0.99999774
34,12,0.8959248,0.17186067,0.9927183,0.26922798,0.0,0.99999976
34,13,0.7992311,0.00037242472,0.97997737,0.25990653,0.0,0.9999838
34,14,0.007943127,0.20526746,0.03290553,0.2960433,0.0,0.99998844
34,15,0.4386378,0.36565787,0.5421608,0.4923005,0.0,0.99505806
34,16,0.8844265,0.5036188,0.9630365,0.6177573,0.0,0.9999906
34,17,0.97876805,0.9344949,1.0030082,0.9681069,0.0,0.99998987
34,18,0.86801934,0.017194062,0.942213,0.1205585,0.0,0.9999987
34,19,0.5820757,0.20885144,0.68614197,0.3026481,0.0,0.99999976
35,0,0.8030037,0.36064073,0.898282,0.4513341,2.0,0.9987476
35,1,0.727704,0.34607884,0.80762756,0.42965743,1.0,0.99735093
35,2,0.8538259,0.41644865,0.9266579,0.51648784,3.0,0.9858549
35,3,0.975976,0.726674,0.99687374,0.7505054,0.0,0.9999825
35,4,0.009654667,0.5051019,0.03749911,0.6075244,0.0,0.999997
35,5,0.73645455,0.36778122,0.8903247,0.4834809,0.0,1.0
35,6,0.3276884,-0.018730976,0.6401373,0.1645715,0.0,0.9999789
35,7,0.00367518,0.42529455,0.017104112,0.48350862,0.0,0.99999595
35,8,0.76997435,0.8612429,0.9456499,0.98229766,0.0,0.99997675
35,9,0.016436826,0.14509992,0.08189054,0.35989827,0.0,0.9999757
35,10,0.89017904,0.8270031,1.0158165,0.9482879,0.0,0.99999714
35,11,0.7637629,0.32527432,0.86606705,0.4183872,0.0,0.9999709
35,12,0.7072628,0.44787455,0.77332824,0.5075264,0.0,0.9999616
35,13,0.980263,0.5666567,0.99343437,0.5998078,0.0,0.9999999
35,14,0.4362462,0.06974678,0.7411026,0.3843118,0.0,0.99999714
35,15,0.8568634,0.101214975,1.0155473,0.18768275,0.0,0.99999857
35,16,0.8841599,0.3658638,0.9476685,0.49161172,0.0,1.0
35,17,0.94990134,0.4100374,1.007367,0.5031024,0.0,1.0
35,18,0.0014362279,0.5097509,0.014461281,0.5409015,0.0,0.9999615
35,19,0.018862408,0.2577604,0.08729941,0.49146253,0.0,0.9999864
36,0,0.69428915,0.42345476,0.82252693,0.5681149,2.0,0.9995515
36,1,0.82378286,0.43306494,0.9373117,0.607252,3.0,0.9987233
36,2,0.53369224,0.43717146,0.66199976,0.5972594,1.0,0.99798894
36,3,0.64066494,0.593895,0.6939806,0.6700207,0.0,0.99999595
36,4,0.58838385,0.0704735,0.764609,0.311988,0.0,1.0
36,5,0.60204333,0.9489246,0.6316284,1.0135026,0.0,0.99999356
36,6,0.8552204,0.85068685,0.95530784,1.0215684,0.0,0.99997485
36,7,0.51228577,0.5690479,0.6376443,0.66895336,0.0,0.9999126
36,8,0.0017052786,0.42364603,0.013728217,0.48516718,0.0,0.9996917
36,9,0.57551163,0.5981818,0.70256144,0.69383574,0.0,0.99997973
36,10,0.008701425,0.075876795,0.030692194,0.17152146,0.0,0.99985147
36,11,0.8462882,0.43603814,0.89680517,0.56251705,0.0,0.9999932
36,12,0.0,0.002633633,0.0,0.064342916,0.0,0.9996107
36,13,0.6051112,0.6933112,0.6538752,0.77896255,0.0,1.0
36,14,0.69245625,0.46428072,0.79508775,0.53912544,0.0,0.99989605
36,15,0.714505,0.3510338,0.85325646,0.45973498,0.0,0.99999845
36,16,0.88173306,0.6232905,1.0010424,0.7430792,0.0,0.99999845
36,17,0.9070242,0.8486902,1.0078945,1.0078984,0.0,0.9999882
36,18,0.4485495,0.6851528,0.5416156,0.80826414,0.0,0.9996935
36,19,0.008835722,0.44197395,0.04271953,0.5531788,0.0,0.99994767
37,0,0.7280379,0.4636717,0.8096886,0.57364655,3.0,0.9999213
37,1,0.65185827,0.40825635,0.7551332,0.5079809,2.0,0.999711
37,2,0.5696208,0.36724305,0.6684078,0.46484697,1.0,0.9998869
37,3,0.9679963,0.0019589034,1.0019624,0.016925752,0.0,0.9996841
37,4,0.9774814,0.76593107,1.0015433,0.787708,0.0,0.9999684
37,5,0.0023801336,0.30678824,0.014562623,0.3657549,0.0,0.9998636
37,6,0.3966552,0.39531317,0.47744763,0.48353168,0.0,0.99999976
37,7,0.5945446,0.54152757,0.64137506,0.5975553,0.0,0.9999981
37,8,0.9711402,0.0031420132,0.9994679,0.028725263,0.0,0.99966156
37,9,0.6632097,0.3743444,0.73000365,0.48412606,0.0,1.0
37,10,0.017096924,0.23522857,0.07243672,0.4516598,0.0,0.99988556
37,11,0.5517679,0.52199495,0.59058917,0.61477304,0.0,0.99999535
37,12,0.7641437,0.44723096,0.78535897,0.5066333,0.0,1.0
37,13,0.01339834,0.31659618,0.04919622,0.39440846,0.0,0.99996185
37,14,0.005566708,0.97139853,0.028271742,1.0025461,0.0,0.9999758
37,15,0.8971101,0.7324061,1.0128161,0.8328781,0.0,0.99997497
37,16,0.8945169,0.5011835,1.003822,0.61071897,0.0,1.0
37,17,0.5958826,0.33804816,0.8267353,0.44563162,0.0,0.99997854
37,18,0.607073,0.5074063,0.65567535,0.56340873,0.0,0.9999999
37,19,0.7525626,0.31540555,0.8112895,0.41823378,0.0,1.0
38,0,0.699263,0.34326193,0.8031627,0.46274218,1.0,0.99972886
38,1,0.88696223,0.4439182,1.0004907,0.5730747,3.0,0.99920183
38,2,0.7973342,0.38157138,0.9227398,0.5149801,2.0,0.99948174
38,3,0.68522197,0.001749225,0.96053475,0.24995369,0.0,0.99999714
38,4,0.8833597,0.16522996,0.9937551,0.2618487,0.0,0.99999785
38,5,0.020586742,0.6236799,0.08249283,0.8843743,0.0,0.9999442
38,6,0.008885801,-0.018501833,0.15920839,0.3170902,0.0,0.99998236
38,7,0.97351193,0.83656156,1.0011959,0.85861945,0.0,0.9999943
38,8,0.5689688,0.4588174,0.7157658,0.5645875,0.0,0.9999857
38,9,0.001679631,0.33097792,0.01415813,0.37785587,0.0,0.99995553
38,10,0.0071472237,0.40554488,0.028121285,0.5079967,0.0,0.99999607
38,11,0.87010556,0.23714751,0.9813075,0.34783244,0.0,0.9999995
38,12,0.9063171,0.4332011,0.9515731,0.5503601,0.0,0.9997526
38,13,0.5134509,0.21634856,0.60471135,0.30610707,0.0,0.9999989
38,14,0.97297126,0.7903634,1.0022833,0.8125167,0.0,0.99998534
38,15,0.8850803,0.027699586,0.9982333,0.13507001,0.0,0.9999907
38,16,0.883813,0.45550725,0.90396667,0.49730396,0.0,0.9999999
38,17,0.87724537,0.6621696,1.0067487,0.7663449,0.0,0.9998609
38,18,0.96685684,0.9686946,1.0068251,1.0032151,0.0,0.9999131
38,19,0.62291634,0.52843446,0.6598182,0.59839535,0.0,0.9999995
39,0,0.5421608,0.3916067,0.65063226,0.5232368,2.0,0.9990907
39,1,0.46870413,0.3436014,0.5598068,0.45318255,1.0,0.9959417
39,2,0.6019333,0.48313472,0.6960378,0.5970801,3.0,0.9990608
39,3,0.6399586,0.32478327,0.71747965,0.41319978,0.0,0.9999914
39,4,0.007615555,0.3136381,0.040115554,0.4448183,0.0,0.99992275
39,5,0.58260226,0.26337004,0.6591297,0.35135293,0.0,0.9999913
39,6,0.37929818,0.3684606,0.44727492,0.47101262,0.0,0.9999974
39,7,0.8022764,0.7168918,0.94330007,0.9124285,0.0,0.9999993
39,8,0.86211467,0.8362171,0.9552635,1.0151405,0.0,0.99925905
39,9,0.6244888,0.3432826,0.7171379,0.44637635,0.0,0.9999987
39,10,0.6666896,0.42436913,0.74069834,0.52657956,0.0,0.999998
39,11,0.5102065,0.3467777,0.60945266,0.45549247,0.0,0.9999026
39,12,0.5421568,0.26647213,0.6260711,0.35942486,0.0,0.9999988
39,13,0.97362626,0.78876996,0.99886835,0.8131301,0.0,0.9999945
39,14,0.42112646,0.37757164,0.46894902,0.46379265,0.0,0.99999976
39,15,0.7166615,-0.00062070787,0.9639743,0.25350946,0.0,0.999998
39,16,0.91815853,0.46093673,1.0050457,0.5703458,0.0,0.99999905
39,17,0.38133952,0.46845037,0.47910523,0.55856365,0.0,0.99999154
39,18,0.9444083,0.003425477,0.9944079,0.049945585,0.0,0.99978906
39,19,0.9729857,0.7739076,0.999068,0.7977463,0.0,0.9999852
40,0,0.6813371,0.3326302,0.799948,0.47842824,2.0,0.99818003
40,1,0.5571808,0.32153988,0.65523934,0.46511352,1.0,0.9998092
40,2,0.7823778,0.3943218,0.88629436,0.54953873,3.0,0.9997111
40,3,0.67462075,0.2441075,0.7891696,0.34985068,0.0,1.0
40,4,0.87412983,0.6431682,0.99836904,0.7835182,0.0,0.99977404
40,5,0.669927,0.31994113,0.7271331,0.37657887,0.0,0.9999324
40,6,0.0033289823,0.20796774,0.016152252,0.25868434,0.0,0.9999974
40,7,0.6744777,0.3178794,0.70784664,0.3394652,0.0,0.999984
40,8,0.013774272,0.82075226,0.08085157,0.95611554,0.0,0.9999198
40,9,0.0037687458,0.51416826,0.09088057,0.91245854,0.0,0.9999864
40,10,0.64394164,0.3372404,0.6994793,0.46751672,0.0,0.99999475
40,11,0.5925343,0.28685522,0.83352447,0.41150224,0.0,0.9999989
40,12,0.68830717,0.32842445,0.73172605,0.37346408,0.0,0.9999926
40,13,0.007100572,0.63010335,0.025394682,0.71803075,0.0,0.9997347
40,14,0.7218309,0.2229863,0.79896057,0.31646848,0.0,0.9999994
40,15,0.53226,0.5711974,0.62956643,0.69147974,0.0,0.9999999
40,16,0.97221035,0.9476349,0.99187696,1.0004588,0.0,0.9999988
40,17,0.013492782,0.90912557,0.051092323,1.0039254,0.0,0.9999924
40,18,0.7502514,0.32562953,0.85793734,0.4505315,0.0,0.99999714
40,19,0.4417147,0.33894777,0.51882434,0.48646814,0.0,0.99990237
41,0,0.6773192,0.44027302,0.80988646,0.5810983,2.0,0.999931
41,1,0.79208094,0.49195364,0.9138885,0.6586919,3.0,0.99911565
41,2,0.5906518,0.39887014,0.7075949,0.53219527,1.0,0.9997633
41,3,0.6052807,0.14604993,0.6705116,0.22042897,0.0,0.9999999
41,4,0.80161786,0.5206191,0.8851971,0.65117973,0.0,0.99999964
41,5,0.009859744,0.100057125,0.039857775,0.13272333,0.0,0.9999801
41,6,0.005536791,0.20369421,0.02334832,0.3045436,0.0,0.9999893
41,7,0.009761712,0.077145696,0.03329298,0.17405373,0.0,0.99998915
41,8,0.69072974,0.5102331,0.8126274,0.59742737,0.0,0.9999999
41,9,0.8586714,0.8446187,0.9400586,1.0008287,0.0,0.9999949
41,10,0.4075169,-0.029645562,0.6596972,0.25498703,0.0,0.99999917
41,11,0.80899763,0.39221016,0.95598596,0.66625726,0.0,0.9999958
41,12,0.34073558,0.48125035,0.40895364,0.57842165,0.0,0.9999949
41,13,0.73651886,0.66005164,0.8686716,0.82522655,0.0,0.9999993
41,14,0.025792405,0.49272558,0.08698705,0.71461225,0.0,0.9999918
41,15,0.69977474,0.6268675,0.7846248,0.7548904,0.0,0.99999654
41,16,0.58712894,0.5770596,0.67382634,0.6827946,0.0,0.9999988
41,17,0.8930004,0.47500423,0.98815566,0.59715337,0.0,0.99999666
41,18,0.009472574,0.11598744,0.036870565,0.15246902,0.0,0.99999106
41,19,0.002488832,0.2985321,0.018297289,0.35790372,0.0,0.99995637
42,0,0.7841139,0.43834838,0.885567,0.58833337,3.0,0.99982315
42,1,0.67918754,0.38605973,0.7866417,0.5060973,2.0,0.99986744
42,2,0.5504566,0.39123982,0.64710087,0.51415914,1.0,0.9991025
42,3,0.9381353,0.6042724,0.99352103,0.68892086,0.0,0.99999917
42,4,0.65539134,0.4604218,0.79677266,0.5367191,0.0,0.9999988
42,5,0.41913122,0.5958608,0.49569613,0.70213056,0.0,0.99999857
42,6,0.89831847,0.43835264,0.9855181,0.5686218,0.0,0.9999865
42,7,0.7437638,0.44111967,0.8279136,0.5686809,0.0,1.0
42,8,0.9102171,0.16384752,0.9958788,0.25753266,0.0,0.9999981
42,9,0.9662198,0.96949685,1.0064739,1.0060515,0.0,0.99968314
42,10,0.4386477,0.5129735,0.55272925,0.61619204,0.0,0.9999981
42,11,0.008539243,0.32678795,0.03301557,0.42987233,0.0,0.9999753
42,12,0.97644883,0.05427357,0.9970798,0.07508016,0.0,0.99999607
42,13,0.78427833,0.45936343,0.86617965,0.5918675,0.0,0.99996865
42,14,0.97272015,0.034028176,0.9968621,0.07262893,0.0,0.9999869
42,15,0.45236582,0.33938313,0.54204786,0.45563817,0.0,0.99999976
42,16,0.9346791,0.501134,1.0031335,0.555156,0.0,1.0
42,17,0.012375578,0.3987102,0.04310248,0.49887857,0.0,0.9999771
42,18,0.556533,0.4820765,0.6417124,0.5727696,0.0,0.99998164
42,19,0.902815,0.5093936,1.0004698,0.6434172,0.0,1.0
43,0,0.63394845,0.38752475,0.7621454,0.5077186,2.0,0.9981212
43,1,0.7440894,0.4381089,0.87440574,0.57886827,3.0,0.99797016
43,2,0.50974494,0.37800658,0.62687135,0.49080727,1.0,0.99946684
43,3,0.0074140355,0.75972885,0.029139765,0.8559827,0.0,0.9999685
43,4,0.6761759,0.35842228,0.6989381,0.38887325,0.0,0.99999833
43,5,0.4449528,0.08669971,0.65631276,0.33826733,0.0,0.99999976
43,6,0.0011404415,0.771522,0.0070583764,0.8127217,0.0,0.9997621
43,7,0.001073244,0.008014236,0.010366974,0.03795593,0.0,0.99989915
43,8,0.5864877,0.28095576,0.63066524,0.36763123,0.0,0.99999905
43,9,0.97997516,0.4566735,0.9973042,0.49049377,0.0,0.99999845
43,10,0.9150576,0.39802057,0.9906462,0.51381,0.0,0.99999845
43,11,0.6490819,0.19694695,0.7700267,0.28057545,0.0,0.9999906
43,12,0.6960539,0.3496749,0.7389678,0.38647553,0.0,0.99998796
43,13,0.4655366,0.01395015,0.5707822,0.08336955,0.0,0.99998426
43,14,0.5935714,0.51393336,0.68814903,0.6223554,0.0,0.9999895
43,15,0.01243123,0.20063946,0.09166077,0.32472205,0.0,0.9999552
43,16,0.012407832,-0.03377253,0.15786913,0.33488587,0.0,0.9999844
43,17,-2.7898583e-05,0.008170981,0.0017541284,0.070065185,0.0,0.9999249
43,18,0.951248,0.9660145,1.0079341,1.0044341,0.0,0.9999733
43,19,0.699402,0.7578677,0.9658253,0.9862849,0.0,0.99999344
44,0,0.6743067,0.3344611,0.81048894,0.4779737,2.0,0.9989416
44,1,0.7758289,0.38642368,0.89173096,0.5294227,3.0,0.99970645
44,2,0.5525324,0.31211275,0.6667225,0.4484566,1.0,0.99873465
44,3,0.9750995,0.16815138,0.9979899,0.18560876,0.0,0.99999964
44,4,0.7118931,0.4803931,0.74996567,0.5353449,0.0,0.9999993
44,5,0.82244176,0.2896483,0.9558699,0.51077735,0.0,0.9999522
44,6,0.5291891,0.0182667,0.64095676,0.0924128,0.0,0.9999963
44,7,0.0052024703,0.5139105,0.03307598,0.61028904,0.0,0.99998295
44,8,0.49272537,0.32760805,0.7424165,0.6188408,0.0,1.0
44,9,0.0208772,0.13223428,0.0685988,0.34999347,0.0,0.99999857
44,10,0.7124793,0.26086178,0.80966836,0.35860482,0.0,0.99999344
44,11,0.74089324,0.1013801,0.9574598,0.35055602,0.0,0.99999034
44,12,0.5768823,0.25075433,0.63228387,0.31465873,0.0,0.99999917
44,13,0.7754154,0.3197878,0.86991656,0.45805955,0.0,0.9999995
44,14,0.97783136,0.23888616,0.99763715,0.26454768,0.0,0.9999995
44,15,0.5583712,0.4365897,0.61336297,0.4964758,0.0,0.99999833
44,16,0.9704733,0.96895945,1.0003339,1.0061882,0.0,0.9999821
44,17,0.5898518,0.14893529,0.66053003,0.24134979,0.0,0.9999999
44,18,0.9762453,0.91518563,0.9965028,0.9371248,0.0,0.99999714
44,19,0.3695668,0.2893805,0.60354537,0.60425663,0.0,0.99999917
45,0,0.6806205,0.3438201,0.8172203,0.4821514,2.0,0.999969
45,1,0.7987336,0.39731583,0.93135136,0.56598276,3.0,0.99929035
45,2,0.5602738,0.30873513,0.67914605,0.435978,1.0,0.99962497
45,3,0.5895755,0.2470823,0.68496877,0.33399105,0.0,0.99996877
45,4,0.85899127,0.3522872,0.9493038,0.43606064,0.0,0.9999864
45,5,0.6293441,0.23701833,0.7105989,0.34411627,0.0,0.99993837
45,6,0.0023880326,0.58607596,0.013317145,0.6369551,0.0,0.99995446
45,7,0.023485862,0.8469835,0.07894669,0.97165155,0.0,0.9999924
45,8,0.50912684,0.1424688,0.5864832,0.24864393,0.0,0.99999964
45,9,0.9702033,0.9708132,1.0069488,1.005352,0.0,0.9998938
45,10,0.55924654,0.3688675,0.6998891,0.4738906,0.0,0.9994543
45,11,0.02331302,0.020471305,0.06810805,0.09799227,0.0,0.9999937
45,12,0.9719592,0.0043856753,0.9980525,0.020458233,0.0,0.9999809
45,13,0.7388003,0.39424857,0.81721395,0.49153838,0.0,0.99999976
45,14,0.8548839,0.47147712,0.9289334,0.6198329,0.0,1.0
45,15,0.7793249,0.8754645,0.9375205,0.99245954,0.0,0.9999888
45,16,0.002387748,0.17991689,0.013080874,0.23369572,0.0,0.9999701
45,17,0.917574,0.32736287,0.97607523,0.44424558,0.0,1.0
45,18,0.8372243,0.52127177,1.006966,0.67458576,0.0,0.9999541
45,19,0.7345267,0.45455733,0.8348758,0.5371835,0.0,0.9999634
46,0,0.6820866,0.3525261,0.7999367,0.48329145,2.0,0.99999404
46,1,0.77554876,0.4171527,0.87171793,0.5563114,3.0,0.99985635
46,2,0.5624236,0.3404165,0.6624217,0.46056557,1.0,0.999897
46,3,0.7450537,0.2286808,0.81511146,0.3115925,0.0,1.0
46,4,0.68692344,0.7324865,0.98267025,1.0132163,0.0,0.9999654
46,5,0.5261675,0.12312406,0.70507836,0.31461915,0.0,0.99999154
46,6,0.77751917,0.23963045,0.8451513,0.34888148,0.0,0.99998987
46,7,0.55692554,0.43321836,0.64470637,0.51047117,0.0,0.9999925
46,8,0.6670546,0.47512048,0.730041,0.54041225,0.0,0.99999213
46,9,0.97331023,0.47588953,0.9927393,0.49642348,0.0,0.9999993
46,10,0.6022101,0.37028545,0.675648,0.4803359,0.0,0.9998561
46,11,0.97368133,0.30650136,0.9954524,0.3240567,0.0,0.99999964
46,12,0.5465793,0.2758797,0.74068314,0.47483715,0.0,0.9998511
46,13,0.6960827,0.33827737,0.7277766,0.3866764,0.0,0.999987
46,14,0.5711143,0.32175326,0.7009102,0.42790422,0.0,0.9999964
46,15,0.64127195,0.27197683,0.7175002,0.3476035,0.0,0.9999888
46,16,0.9102368,0.9089084,0.9909197,1.0028801,0.0,0.9999994
46,17,0.010781832,0.9594563,0.03686122,1.0031352,0.0,0.99999964
46,18,0.011329763,-0.02932565,0.17176765,0.34682065,0.0,0.99993443
46,19,0.6997375,0.33875042,0.72783107,0.3540091,0.0,0.99998796
47,0,0.5837006,0.4290024,0.72689694,0.58746433,1.0,0.9981351
47,1,0.77628756,0.58659744,0.90015256,0.7300207,3.0,0.99943596
47,2,0.6973574,0.4937961,0.8474752,0.6509929,2.0,0.99724233
47,3,0.63720226,0.7064399,0.85830593,1.0110317,0.0,0.9999939
47,4,0.011556002,0.628367,0.036563568,0.7440819,0.0,0.99999976
47,5,0.71261483,0.27258098,0.7956275,0.38099462,0.0,1.0
47,6,0.5859151,0.53884363,0.68151873,0.64440364,0.0,0.9999994
47,7,0.51821756,0.70557237,0.62364346,0.8110388,0.0,0.99999976
47,8,0.6525585,0.68825954,0.6995116,0.7553367,0.0,0.9999994
47,9,0.02176386,0.61203533,0.080470115,0.85393465,0.0,0.9999989
47,10,0.009335697,0.012579,0.029564146,0.04435104,0.0,0.99999774
47,11,0.5633535,0.24024226,0.8529167,0.5613746,0.0,0.9999982
47,12,0.5288313,0.38339293,0.7567898,0.6057303,0.0,0.99754083
47,13,0.025043871,0.20919813,0.09077671,0.31927317,0.0,0.9999994
47,14,0.013280537,0.30255833,0.041863326,0.3290645,0.0,0.99999976
47,15,0.9814,0.8048487,0.99503475,0.8286763,0.0,0.9999999
47,16,0.7886449,0.72950906,0.9452925,0.9059259,0.0,0.99998546
47,17,0.018237226,0.0107848365,0.06917027,0.036356494,0.0,0.9999902
47,18,0.017708695,0.9167518,0.050373197,1.0097089,0.0,0.99999666
47,19,0.72709,0.095651284,0.9397481,0.3758093,0.0,0.9999944
48,0,0.7073016,0.41856027,0.80926824,0.53691083,2.0,0.9998704
48,1,0.77983207,0.48003644,0.8736764,0.6072808,3.0,0.998483
48,2,0.60002303,0.41159704,0.6944081,0.5297165,1.0,0.9997706
48,3,0.01428356,0.21245417,0.06595922,0.29737446,0.0,0.99997914
48,4,0.85282665,0.4580575,0.924826,0.5661033,0.0,0.99999726
48,5,0.5262253,-0.015765436,0.9016315,0.2563437,0.0,0.99996805
48,6,0.008297402,0.69794977,0.030480366,0.7901507,0.0,0.9999646
48,7,0.015689045,0.09896279,0.0860285,0.32934746,0.0,0.9999888
48,8,0.6871647,0.5467796,0.7314457,0.57757473,0.0,0.9999461
48,9,0.62397224,0.58484703,0.6799577,0.66400224,0.0,0.9999901
48,10,0.001248417,0.0057728663,0.011298262,0.033968404,0.0,0.99983096
48,11,0.8320894,0.46672052,0.9031322,0.6030368,0.0,0.99993753
48,12,0.7748795,0.6815654,0.9520704,0.8528268,0.0,0.99998915
48,13,0.0250967,0.036243945,0.14292029,0.19474651,0.0,0.9999671
48,14,0.95791656,0.59720886,0.9929324,0.67531484,0.0,1.0
48,15,0.697124,0.43856797,0.79221326,0.49371326,0.0,0.9972792
48,16,0.00024386821,0.18031672,0.011274666,0.23768605,0.0,0.99993837
48,17,0.57244784,0.21399775,0.6737166,0.33666813,0.0,0.99999976
48,18,0.7146065,0.40607557,0.7504974,0.45765495,0.0,0.9999989
48,19,0.67345154,0.53220254,0.77777916,0.6065053,0.0,0.99998856
49,0,0.6153536,0.39132363,0.69712865,0.49376902,2.0,0.99659014
49,1,0.7074721,0.4323066,0.79619753,0.5527687,3.0,0.99958485
49,2,0.51134366,0.3787936,0.5998877,0.49828038,1.0,0.99905807
49,3,0.62781334,0.23098426,0.83196354,0.5118243,0.0,0.999982
49,4,0.68422616,0.40245163,0.70597255,0.46547773,0.0,1.0
49,5,0.94710726,0.008335978,0.99372375,0.042000655,0.0,0.99999
49,6,0.010063043,0.6252226,0.03509043,0.7376064,0.0,0.99999404
49,7,0.7563777,0.4875766,0.9845286,0.7505239,0.0,0.99999774
49,8,0.52025235,0.017526004,0.6345645,0.08766191,0.0,0.99999917
49,9,0.89956653,0.35384277,1.0048246,0.45767128,0.0,0.9999999
49,10,0.005830923,0.5034797,0.02382089,0.6027255,0.0,0.99998605
49,11,0.5789372,0.55317074,0.6897611,0.6616677,0.0,0.9999995
49,12,0.60319513,-0.023658589,0.9289421,0.27583194,0.0,0.99998343
49,13,0.46519855,0.5815883,0.5711446,0.69749284,0.0,0.9999999
49,14,0.44783497,0.28427064,0.5719621,0.38557708,0.0,0.99999976
49,15,0.82437015,0.36904418,0.96496874,0.6199733,0.0,0.9999883
49,16,0.8720905,0.65395755,1.0307475,0.7592536,0.0,0.9999949
49,17,0.43404552,0.463393,0.47486162,0.5352057,0.0,1.0
49,18,0.0066586444,0.97309643,0.031475075,1.0048425,0.0,0.99999917
49,19,0.7719946,0.16088551,0.92221653,0.33302617,0.0,0.9999919
50,0,0.796267,0.4254841,0.86846834,0.53963387,3.0,0.9974673
50,1,0.70337045,0.43016177,0.795001,0.5381193,2.0,0.99931526
50,2,0.6145654,0.39114285,0.7209145,0.4978921,1.0,0.9996778
50,3,0.0061865784,0.7114279,0.10938208,1.0021776,0.0,0.99997854
50,4,0.008874461,0.26329777,0.038298994,0.36898535,0.0,0.99996793
50,5,0.768219,0.406585,0.8199815,0.4572202,0.0,0.9998573
50,6,0.47468776,0.48617017,0.7310909,0.7732594,0.0,0.99999404
50,7,0.0060215425,0.38339975,0.04352331,0.49615258,0.0,0.99997854
50,8,0.016870156,0.089250974,0.082009,0.20806244,0.0,0.99997735
50,9,0.86618733,0.6669375,1.0004463,0.75965744,0.0,0.99986887
50,10,0.89483863,0.49811968,0.99243635,0.6079726,0.0,0.9998202
50,11,0.008306444,0.5309576,0.08158118,0.8755035,0.0,0.99998987
50,12,0.95659924,0.3342274,0.9926912,0.40638953,0.0,0.99999964
50,13,0.012823829,0.91272324,0.05133885,1.0067042,0.0,0.9999784
50,14,0.020163324,0.2769898,0.07886383,0.3913214,0.0,0.99969447
50,15,0.71406174,0.1186144,0.9528952,0.36740956,0.0,0.9999938
50,16,0.7756363,0.4120673,0.80439126,0.4612939,0.0,0.9999994
50,17,0.3937788,0.32718444,0.5988493,0.62759995,0.0,0.9999995
50,18,0.7661251,0.4525474,0.886277,0.5755778,0.0,0.99999964
50,19,0.7579553,0.38450992,0.8017927,0.4391394,0.0,0.99999905
51,0,0.7373721,0.40592253,0.8429662,0.56008446,3.0,0.9985441
51,1,0.63464063,0.35486472,0.74863875,0.48129624,2.0,0.9999474
51,2,0.51844674,0.32939395,0.62096035,0.4609152,1.0,0.99815875
51,3,0.81786484,0.16448244,0.9298466,0.25748098,0.0,0.9999975
51,4,0.5043359,0.56400084,0.6155726,0.6902804,0.0,0.99999976
51,5,0.9115431,0.22436889,0.99690086,0.3184153,0.0,0.9999974
51,6,0.4681537,0.5712216,0.56274295,0.6810517,0.0,0.9999981
51,7,0.9527468,0.011436267,0.99124837,0.043086976,0.0,0.9999825
51,8,0.026104014,0.009658232,0.13894294,0.07939586,0.0,0.99981993
51,9,0.0066947164,0.7027232,0.022736944,0.8053181,0.0,0.99997425
51,10,0.7277015,0.9713017,0.7581021,1.0073147,0.0,0.9999951
51,11,0.006933056,0.25778994,0.03633062,0.3681801,0.0,0.99999094
51,12,0.80439067,0.3656928,0.8674128,0.42584133,0.0,0.99999976
51,13,0.6143763,0.35434717,0.6785287,0.4706065,0.0,1.0
51,14,0.8782196,0.08633649,1.0033307,0.17080194,0.0,0.9999999
51,15,0.8443718,0.34853816,0.92701346,0.457253,0.0,0.99999976
51,16,0.6817855,0.49623242,0.70746034,0.53389525,0.0,0.99999976
51,17,0.16598342,0.9773002,0.19733106,1.0044572,0.0,0.99998856
51,18,0.017663691,0.065976076,0.08750151,0.2060149,0.0,0.99995446
51,19,0.77323914,0.96508056,0.80036837,1.0107911,0.0,0.99997663
52,0,0.68539023,0.41410735,0.80874574,0.5533701,2.0,0.99966335
52,1,0.8012813,0.46812978,0.9099445,0.6289378,3.0,0.9999571
52,2,0.55121,0.41370293,0.6548015,0.5451113,1.0,0.9981876
52,3,0.7953435,0.47734156,0.81143147,0.5078925,0.0,0.9999999
52,4,0.026474277,0.38476822,0.08733691,0.5915606,0.0,0.99999297
52,5,0.67311233,0.4947475,0.851632,0.7345018,0.0,0.9999964
52,6,0.97434205,0.5589219,0.992646,0.600088,0.0,0.99999297
52,7,0.8982592,0.101993516,1.0010653,0.19969386,0.0,0.99999976
52,8,0.5532373,0.35186085,0.72592187,0.5829291,0.0,0.99980456
52,9,0.7901148,0.7158015,0.9930768,0.9919639,0.0,0.999948
52,10,0.7892515,0.48257682,0.81092346,0.526098,0.0,1.0
52,11,0.69270253,0.20522004,0.80057454,0.31827062,0.0,0.9999999
52,12,0.65890765,0.6673622,0.80455387,0.8508569,0.0,0.99999166
52,13,0.8094329,0.6562588,0.86417395,0.71795696,0.0,0.9999956
52,14,0.019320251,0.16143373,0.080772005,0.27302766,0.0,0.99997175
52,15,0.40818793,-0.016461983,0.7387355,0.28422707,0.0,0.99984384
52,16,0.920062,0.285394,0.99400043,0.39045668,0.0,0.99999666
52,17,0.7163947,0.024766535,0.82431376,0.09205579,0.0,0.9999981
52,18,0.8867648,0.15151823,1.0146403,0.2479944,0.0,0.99999976
52,19,0.009585572,0.38468742,0.037167147,0.48373234,0.0,0.9999987
53,0,0.86674637,0.423932,0.966292,0.58537227,3.0,0.9969103
53,1,0.7383073,0.40571436,0.8644926,0.54958504,2.0,0.9981528
53,2,0.5928293,0.41412506,0.70638764,0.5594256,1.0,0.99867743
53,3,0.5365551,0.44331467,0.5974175,0.5745661,0.0,0.9999951
53,4,0.7222052,0.3828806,0.92958635,0.50094324,0.0,0.99999547
53,5,0.5780945,0.21716684,0.67038643,0.32762796,0.0,1.0
53,6,0.92320216,0.5279815,0.9783063,0.6276408,0.0,0.9999987
53,7,0.52088207,0.27089527,0.6163352,0.3697748,0.0,1.0
53,8,0.7154222,0.023835018,0.8209464,0.09173761,0.0,0.99999785
53,9,0.0019499958,0.1250312,0.0142675415,0.17032844,0.0,0.99971706
53,10,0.42421612,0.4565876,0.49375492,0.5835345,0.0,0.9999994
53,11,0.8534941,0.5351624,0.87831175,0.5506292,0.0,0.99996924
53,12,0.9749427,0.14931718,0.99795645,0.17228067,0.0,0.9999993
53,13,0.648193,0.023602005,0.7576227,0.09113018,0.0,0.99999917
53,14,0.5228621,0.25768426,0.93054426,0.52511156,0.0,0.99998415
53,15,0.78619176,0.024062175,0.88956916,0.09010671,0.0,0.9999993
53,16,0.008964479,-0.012170173,0.2922032,0.18610913,0.0,0.99984336
53,17,0.002672758,0.6930282,0.1266368,1.0386796,0.0,0.9999393
53,18,0.9337676,0.97392607,0.9587613,1.0076323,0.0,0.99999666
53,19,0.0023314133,-0.010835543,0.17238766,0.3359903,0.0,0.9998171
54,0,0.86829764,0.4579839,1.001743,0.6423208,3.0,0.9973978
54,1,0.7321873,0.41230503,0.89534944,0.58400804,2.0,0.99459076
54,2,0.6063841,0.40255678,0.73702097,0.5693492,1.0,0.9966581
54,3,0.0031707063,0.68938714,0.12399345,1.0170857,0.0,0.999998
54,4,0.011672654,0.9535255,0.042878076,1.0047117,0.0,0.99996865
54,5,-0.0028531253,0.50683564,0.10407515,0.6163895,0.0,0.99993443
54,6,0.003317758,0.48673925,0.017369535,0.52334166,0.0,0.99999356
54,7,0.002249457,0.57141376,0.030068658,0.67626727,0.0,0.9999807
54,8,0.691611,0.2653233,0.73374337,0.32558128,0.0,0.99999714
54,9,0.85040706,0.5264585,0.87896377,0.56774133,0.0,1.0
54,10,0.6399655,0.20262736,0.73041683,0.30412287,0.0,0.999997
54,11,0.35851005,0.3731823,0.59205735,0.63941586,0.0,0.99999344
54,12,0.9773786,0.010914571,0.9996119,0.03655469,0.0,0.9999765
54,13,0.9373666,0.642093,1.0088117,0.6962846,0.0,0.9999814
54,14,0.92170674,0.4353417,0.94943064,0.531988,0.0,1.0
54,15,0.8199965,0.4153884,0.91005427,0.5996522,0.0,0.9989416
54,16,0.5253006,0.4523382,0.5915513,0.60625607,0.0,0.9999993
54,17,0.9782034,0.7443057,0.99604005,0.7842111,0.0,1.0
54,18,0.008038977,0.20632319,0.03099416,0.30915254,0.0,0.99995863
54,19,0.7271756,0.2053883,0.806028,0.28999647,0.0,0.9999999
55,0,0.6810846,0.38282174,0.7787595,0.5015681,2.0,0.9999366
55,1,0.56841886,0.38221186,0.6445177,0.48960245,1.0,0.9998802
55,2,0.75038743,0.4422109,0.8454204,0.571345,3.0,0.99979395
55,3,0.528255,0.009330362,0.6376136,0.08065019,0.0,0.99998856
55,4,0.70600593,0.4093266,0.81208026,0.53573585,0.0,0.9999976
55,5,0.8915556,0.49595878,0.9868716,0.6061519,0.0,0.99999964
55,6,0.69883347,0.5235267,0.8160226,0.615167,0.0,0.9997522
55,7,0.4676964,0.37421966,0.55364656,0.48544827,0.0,0.9999989
55,8,0.0031834561,0.2641561,0.021341361,0.33032104,0.0,0.9997807
55,9,0.7335749,0.1605939,0.8626871,0.3361426,0.0,0.9999993
55,10,0.020478353,0.34683132,0.07829331,0.5810096,0.0,0.99997187
55,11,0.006610797,0.45206398,0.0323472,0.5615466,0.0,0.9999906
55,12,0.0044063916,0.1456755,0.022814069,0.24465728,0.0,0.99995935
55,13,0.88887334,0.063322365,0.99854493,0.16835353,0.0,0.9999895
55,14,0.8553854,0.14819658,1.0306302,0.24194956,0.0,0.99999726
55,15,0.6945377,0.47871646,0.7236419,0.5086447,0.0,0.9999974
55,16,0.87291396,0.6603991,1.0101243,0.7721536,0.0,0.9997787
55,17,0.97252834,0.8530275,1.0007133,0.874124,0.0,0.9999931
55,18,0.3438663,0.26785636,0.57314396,0.53654337,0.0,0.9999981
55,19,0.9769423,0.32696587,1.0041947,0.35583803,0.0,0.9999895
56,0,0.79621124,0.51241535,0.9032211,0.66907763,3.0,0.99973124
56,1,0.6923631,0.47685128,0.8003876,0.5938768,2.0,0.9998597
56,2,0.5986811,0.42778206,0.7063663,0.54764706,1.0,0.9997826
56,3,0.9591771,0.6487604,0.98985416,0.7232965,0.0,0.99999964
56,4,0.69830936,0.5948099,0.80427027,0.66983765,0.0,0.99999774
56,5,0.94971174,0.5323907,0.9917494,0.60727435,0.0,1.0
56,6,0.0051663965,0.21120612,0.02268396,0.30010253,0.0,0.9999964
56,7,0.7876838,0.615628,0.8143898,0.6643998,0.0,0.99999905
56,8,0.76539356,0.079313375,0.9138155,0.2705115,0.0,0.9999168
56,9,0.7039929,0.028888695,0.80565804,0.14579192,0.0,1.0
56,10,0.7767532,0.87318987,0.95332116,0.98922896,0.0,0.99999046
56,11,0.7276682,0.31871304,0.84050846,0.41608888,0.0,0.9999925
56,12,0.40891817,0.6753852,0.8660383,1.0023627,0.0,0.99996495
56,13,0.0017841458,0.6833395,0.12794279,1.0164149,0.0,0.9999167
56,14,0.0,0.010921299,0.0,0.059797898,0.0,0.99995184
56,15,0.844478,0.69300157,0.9537283,0.80489993,0.0,1.0
56,16,0.00674758,0.6975061,0.035753313,0.80694515,0.0,0.9999949
56,17,0.6468583,0.15323952,0.7834962,0.33049417,0.0,0.99998736
56,18,0.03593451,0.05011326,0.1390209,0.18764402,0.0,0.99999607
56,19,0.7159889,0.10126345,0.97695076,0.37354946,0.0,0.9998771
57,0,0.8531825,0.45734924,0.95227545,0.5988729,3.0,0.9998331
57,1,0.74417484,0.4029069,0.8745901,0.5294963,2.0,0.99995995
57,2,0.62495375,0.3850908,0.7325403,0.50109434,1.0,0.9997371
57,3,0.4980772,0.60447955,0.7790385,0.99586046,0.0,0.99988174
57,4,0.97828835,0.28774104,1.001648,0.30844226,0.0,0.9999981
57,5,0.97677314,0.835556,0.99820566,0.85805124,0.0,0.999998
57,6,0.4431224,-0.018606849,0.7482145,0.1679467,0.0,0.99998116
57,7,0.9736853,0.37952563,0.99691933,0.4029432,0.0,0.9999995
57,8,0.010927711,0.70957446,0.03398141,0.800308,0.0,0.9999999
57,9,0.015414331,0.1260036,0.06774001,0.3432793,0.0,0.9999981
57,10,0.0025922954,-0.03183049,0.17683285,0.33391893,0.0,0.99977976
57,11,0.9798024,0.09970461,0.9992225,0.12398154,0.0,1.0
57,12,0.68325514,0.34774014,0.83870804,0.4760415,0.0,0.9999989
57,13,0.025038932,0.5064496,0.08302347,0.7013394,0.0,0.99999917
57,14,0.5949496,0.27797008,0.6971733,0.37142825,0.0,1.0
57,15,0.76863265,0.85673743,0.9509214,0.98850775,0.0,0.9999865
57,16,0.6440466,0.01928943,0.7660642,0.09105204,0.0,0.9999989
57,17,0.6872675,0.22502886,0.78350145,0.3342885,0.0,0.99999416
57,18,0.75941867,0.38417196,0.79739994,0.4536323,0.0,0.99999917
57,19,0.013160494,0.51072633,0.0346971,0.5331854,0.0,0.9999963
58,0,0.7340302,0.40104106,0.88950586,0.57914424,2.0,0.9951952
58,1,0.8682422,0.45595115,1.0005472,0.64086604,3.0,0.98198503
58,2,0.6031436,0.40247366,0.7351911,0.56100607,1.0,0.9979984
58,3,0.7386261,0.4229569,0.83636063,0.57214963,0.0,0.9997569
58,4,0.9066966,0.44547766,0.92439556,0.5077683,0.0,0.9999988
58,5,0.006213935,0.2575429,0.032496154,0.36224404,0.0,0.99999726
58,6,0.72910976,0.07339704,0.9502985,0.33882132,0.0,0.99998796
58,7,0.46440178,0.24042663,0.7085317,0.5467274,0.0,0.9999994
58,8,0.017317854,0.009408034,0.07217548,0.039789222,0.0,0.9999535
58,9,0.3360389,0.45589003,0.43049705,0.5857061,0.0,0.99985933
58,10,0.74162614,0.35459766,0.81088907,0.4088789,0.0,0.9999826
58,11,0.0043050507,0.14206114,0.025111176,0.240953,0.0,0.9999943
58,12,0.49086067,0.49599272,0.62070394,0.62184525,0.0,0.9999981
58,13,0.97650886,0.9628665,0.9967573,1.0050809,0.0,0.9999988
58,14,0.74833286,0.35255462,0.8391457,0.41643724,0.0,0.9999957
58,15,0.9745775,0.2285315,0.99774486,0.2511081,0.0,0.99999917
58,16,0.62270725,0.68452686,0.8518659,0.9814089,0.0,0.9999924
58,17,0.6458576,0.01818747,0.76077086,0.09190809,0.0,0.99999607
58,18,0.5187437,0.765654,0.6534839,0.950015,0.0,0.99998665
58,19,0.97735685,0.89662933,0.99722785,0.9223853,0.0,0.999995
59,0,0.73064154,0.407983,0.8460407,0.54556525,2.0,0.9999528
59,1,0.61121,0.40200016,0.71313137,0.5350138,1.0,0.999713
59,2,0.81062245,0.48066378,0.91558313,0.6243031,3.0,0.99992895
59,3,0.8205392,0.36469683,0.93294626,0.5076017,0.0,0.9999995
59,4,0.40329194,0.4591208,0.46827683,0.5700637,0.0,0.99999964
59,5,0.9499307,0.6467391,0.98623735,0.7351621,0.0,1.0
59,6,0.9735503,0.8840735,1.0001307,0.90612346,0.0,0.99999106
59,7,0.008225304,0.22248957,0.038332008,0.25037208,0.0,0.9999646
59,8,0.73120534,0.5294081,0.79330087,0.5866622,0.0,0.99997115
59,9,0.0024934113,-0.022825956,0.13727106,0.20117703,0.0,0.9999764
59,10,0.70534426,0.4926894,0.8611057,0.5987842,0.0,1.0
59,11,0.9725769,0.94548786,0.9981903,0.96886027,0.0,0.99999404
59,12,0.66431946,0.49863648,0.83301747,0.72530055,0.0,0.99999905
59,13,0.51606894,0.26866192,0.6205744,0.37870097,0.0,1.0
59,14,0.7861521,0.023875259,0.9054319,0.1018781,0.0,1.0
59,15,0.46603414,0.26732856,0.5578881,0.40308544,0.0,1.0
59,16,0.64042306,0.6107899,0.67726153,0.6635833,0.0,0.9999994
59,17,0.002452741,0.21408457,0.015868954,0.24549118,0.0,0.99999
59,18,0.6984316,0.8613746,0.88240427,0.98451257,0.0,0.9999639
59,19,0.97407675,0.8982556,1.00008,0.9207572,0.0,0.9999925
60,0,0.72235155,0.43249583,0.8104137,0.543145,3.0,0.9998374
60,1,0.62529826,0.40258482,0.72108924,0.49045172,2.0,0.99990714
60,2,0.5341342,0.3932867,0.62004983,0.4807276,1.0,0.9993143
60,3,0.57775897,0.60085696,0.70232594,0.709587,0.0,0.9999988
60,4,0.71868294,0.42925566,0.7393425,0.46565935,0.0,0.9999938
60,5,0.66835004,0.3464769,0.79333144,0.47184882,0.0,0.99999976
60,6,0.61207485,0.39570278,0.6772555,0.499709,0.0,0.9999989
60,7,0.3160051,-0.007951677,0.624282,0.17375554,0.0,0.9999434
60,8,0.637259,0.6115461,0.9060398,0.98058206,0.0,0.9999722
60,9,0.52048,0.39395812,0.58447933,0.47928944,0.0,0.9999999
60,10,0.8404664,0.32619148,0.9420916,0.43437696,0.0,1.0
60,11,0.02382408,0.15479758,0.09185119,0.2801609,0.0,0.9999957
60,12,0.90090907,0.40845528,1.004374,0.499614,0.0,0.99999917
60,13,0.48531514,0.5400642,0.6241093,0.7087978,0.0,0.99999535
60,14,0.88928986,0.009508962,0.94118744,0.060427547,0.0,0.999997
60,15,0.9009778,0.5025288,0.97659266,0.6144328,0.0,0.99999404
60,16,0.4919781,0.27242765,0.7433269,0.47912937,0.0,0.9999994
60,17,0.61479306,0.40776053,0.636974,0.4769783,0.0,0.99999845
60,18,0.9487945,0.0103610065,0.99191654,0.050512105,0.0,0.99999547
60,19,0.82488227,0.45579597,0.9698305,0.7226602,0.0,0.9999987
61,0,0.7261439,0.45784006,0.84638894,0.5787456,2.0,0.999905
61,1,0.8361029,0.51989526,0.9250523,0.6571066,3.0,0.9998704
61,2,0.60398453,0.4545998,0.70668143,0.57061416,1.0,0.99898714
61,3,0.87915987,0.8878652,1.0265332,1.0098698,0.0,0.999948
61,4,0.8799133,0.14658502,1.0086571,0.24628766,0.0,0.9999963
61,5,0.008796954,0.46145248,0.036264498,0.5518708,0.0,0.99999046
61,6,0.0055678366,0.5088898,0.035741378,0.61847365,0.0,0.9999573
61,7,0.9496638,0.010534678,0.9928413,0.042753797,0.0,0.9999964
61,8,0.008974119,0.012249436,0.029051673,0.059404183,0.0,0.9999852
61,9,0.32552165,-0.015028782,0.6315627,0.17455077,0.0,0.9999722
61,10,0.7812954,0.016592197,0.90317166,0.09268168,0.0,0.99999774
61,11,0.76824987,0.63924146,0.8836645,0.75979805,0.0,0.9999161
61,12,0.8316657,0.4679034,0.9668208,0.60196805,0.0,0.99999964
61,13,0.0069894353,0.6932698,0.034162488,0.79571474,0.0,0.99999404
61,14,0.0031301705,0.5942976,0.014558726,0.6288649,0.0,0.99998164
61,15,0.016127743,0.9140416,0.049293287,1.00985,0.0,0.99998057
61,16,0.97449577,0.43783796,0.9989733,0.46674535,0.0,0.9999993
61,17,0.97755796,0.021261392,0.99745274,0.04434549,0.0,0.9999989
61,18,0.009909768,0.7685687,0.03136996,0.85950536,0.0,0.9999987
61,19,0.7308793,0.117808826,0.9934373,0.36697304,0.0,0.99997604
62,0,0.70008373,0.42348123,0.8283244,0.5701332,2.0,0.999931
62,1,0.8280012,0.43742052,0.942685,0.60283744,3.0,0.9998419
62,2,0.5412054,0.43836817,0.6676965,0.5979426,1.0,0.9991891
62,3,0.682616,0.3857715,0.8032144,0.451404,0.0,0.99999654
62,4,0.8319413,0.262519,0.9307458,0.38660347,0.0,0.99999654
62,5,0.7098467,0.54315346,0.7882124,0.6359173,0.0,0.9999976
62,6,0.97722286,0.7987241,0.9972687,0.83189714,0.0,0.99999666
62,7,0.5346949,0.37219867,0.72749716,0.62304413,0.0,0.99996793
62,8,0.814501,0.5701578,0.8480767,0.59883404,0.0,0.99997234
62,9,0.9524688,0.51408666,0.99784285,0.6124811,0.0,0.9999981
62,10,0.010244943,0.1017679,0.07386861,0.36596277,0.0,0.9996325
62,11,0.009933144,0.5939576,0.08545456,0.8187077,0.0,0.999851
62,12,0.69982404,0.0067720637,0.91883636,0.2549874,0.0,0.99999845
62,13,0.6811723,0.5121293,0.8074494,0.6126482,0.0,1.0
62,14,0.0056871613,0.012281474,0.027157165,0.05871896,0.0,0.9999633
62,15,0.01133652,0.24519226,0.091912195,0.39085072,0.0,0.999816
62,16,0.74419266,0.41046622,0.7708767,0.43050373,0.0,0.9999981
62,17,0.6999333,0.33596858,0.84585905,0.43320543,0.0,0.99999297
62,18,-0.0009765732,0.004666025,0.0071875113,0.032345958,0.0,0.99970704
62,19,0.3058296,0.90952855,0.43396258,1.0131123,0.0,0.9999746
63,0,0.6786589,0.42793643,0.7807676,0.56558925,3.0,0.9989342
63,1,0.47572148,0.36773843,0.5643747,0.4991011,1.0,0.9985709
63,2,0.5845267,0.38706756,0.68235016,0.51927006,2.0,0.9988996
63,3,0.94770885,0.0069779307,0.99233437,0.04468409,0.0,0.9999349
63,4,0.79995114,0.5241792,0.8741406,0.5938674,0.0,0.9999912
63,5,0.008625626,0.6314963,0.028001107,0.74431694,0.0,0.9999813
63,6,0.26762435,-0.00427128,0.38427338,0.083758384,0.0,0.9999751
63,7,0.3401308,0.005246334,0.45025724,0.08700049,0.0,0.99999523
63,8,0.6623782,0.2461122,0.7429084,0.3663239,0.0,0.99998856
63,9,0.9739995,0.01946575,0.9969142,0.04414498,0.0,0.9999958
63,10,0.58619124,0.4460234,0.6460558,0.5201919,0.0,1.0
63,11,0.36641166,0.3817306,0.4207954,0.47311231,0.0,0.99999964
63,12,0.5092684,0.27753025,0.6297047,0.37185568,0.0,0.99997914
63,13,0.9720395,0.836842,0.9999599,0.8589586,0.0,0.9999974
63,14,0.7802186,0.8619476,0.9178011,0.98084337,0.0,0.99999917
63,15,0.47872105,0.57109547,0.56923324,0.6679566,0.0,0.99999833
63,16,0.0058786487,0.13665771,0.03078061,0.25240585,0.0,0.9999486
63,17,0.6361713,0.34958833,0.78243554,0.47239965,0.0,0.9999975
63,18,0.41453463,0.010668982,0.5066495,0.08899367,0.0,0.9999995
63,19,0.9729105,0.7889381,0.99876565,0.8144115,0.0,0.99999607
64,0,0.5563476,0.38818634,0.63875544,0.48929933,1.0,0.99874145
64,1,0.709462,0.40243918,0.81094515,0.550998,3.0,0.999426
64,2,0.6520595,0.35378358,0.74952817,0.4705504,2.0,0.99869376
64,3,0.54689384,0.36361402,0.6161591,0.4281424,0.0,0.99998736
64,4,0.89404565,0.2958168,0.9894223,0.40867463,0.0,0.999998
64,5,0.5579269,0.28705853,0.6465912,0.40185666,0.0,0.99999964
64,6,0.45469782,0.42289862,0.56255335,0.54042816,0.0,0.99998
64,7,0.973125,0.8365998,1.0012306,0.8577134,0.0,0.9999964
64,8,0.007858867,0.69949967,0.026198613,0.8052485,0.0,0.99998856
64,9,0.0008686683,0.2351201,0.013749823,0.29926622,0.0,0.99994373
64,10,0.63716745,0.4503628,0.73006594,0.53167796,0.0,0.9998919
64,11,0.9738361,0.9564678,0.9970051,1.0051174,0.0,0.9999902
64,12,0.97631514,0.72736454,0.9956414,0.76379204,0.0,0.99998736
64,13,0.015139008,0.3422857,0.06699439,0.5749143,0.0,0.9999701
64,14,0.7647873,0.40185526,0.8450035,0.5254487,0.0,0.999992
64,15,0.64883006,0.38060388,0.7362142,0.45054328,0.0,0.99989593
64,16,0.7174216,0.09854074,0.9475461,0.3874728,0.0,0.99999905
64,17,0.006540605,0.9711064,0.028656505,1.0043424,0.0,0.99999714
64,18,0.77842635,0.34828097,0.8639532,0.44130263,0.0,1.0
64,19,0.9086795,0.3441155,1.0099684,0.4816028,0.0,1.0
65,0,0.7350884,0.40124014,0.86440146,0.5433161,2.0,0.99973136
65,1,0.8251289,0.48993185,0.93302256,0.640776,3.0,0.9998989
65,2,0.61419463,0.3658251,0.7281184,0.50422883,1.0,0.9997261
65,3,0.7750374,0.8541157,0.95219594,0.9798406,0.0,0.99999917
65,4,0.4687236,0.012182262,0.5769015,0.08781688,0.0,0.99999857
65,5,0.60879576,0.25347388,0.7831057,0.3780446,0.0,0.9999999
65,6,0.8860301,0.14334135,1.0044943,0.24481806,0.0,0.99999964
65,7,0.011325916,0.19654077,0.041801333,0.22432594,0.0,0.9999443
65,8,0.014923126,0.9504231,0.04608601,1.0065705,0.0,0.9999666
65,9,0.005380705,0.6837958,0.11787969,0.9936198,0.0,0.99999344
65,10,0.922051,0.009700991,0.99363637,0.09444428,0.0,0.999998
65,11,0.69367445,0.530409,0.8439219,0.6395671,0.0,0.99999356
65,12,0.9779939,0.5146523,1.0001966,0.5411224,0.0,0.9999994
65,13,0.9696943,0.39670277,0.99754137,0.42653844,0.0,0.9999733
65,14,0.008636607,0.4680535,0.054290287,0.54166967,0.0,0.9999001
65,15,0.5147647,0.20774083,0.60168105,0.30897826,0.0,0.9999999
65,16,0.47174406,0.26205012,0.6956526,0.5611273,0.0,0.99999964
65,17,0.0076014698,0.07765253,0.044049647,0.18633771,0.0,0.99993026
65,18,0.001354007,0.12162689,0.009857687,0.1668878,0.0,0.9998815
65,19,0.0005336823,0.20864846,0.010535459,0.25342607,0.0,0.99975747
66,0,0.75013745,0.35748082,0.88740116,0.49636042,2.0,0.9994861
66,1,0.8621367,0.4151548,0.9881636,0.57550967,3.0,0.9997327
66,2,0.6342097,0.33798262,0.7560477,0.47286624,1.0,0.99859625
66,3,0.9067872,0.27122405,0.9878227,0.36725777,0.0,0.9999999
66,4,0.6564104,0.5295871,0.7600232,0.6368503,0.0,0.99999917
66,5,0.83784163,0.42229235,0.8801525,0.48728362,0.0,0.99999475
66,6,0.18726654,0.018240828,0.32297736,0.08278558,0.0,0.9999925
66,7,0.014581261,0.32063502,0.06527458,0.3949077,0.0,0.999985
66,8,0.60973203,0.3354734,0.6752672,0.43917543,0.0,0.99999964
66,9,0.009571109,0.82374316,0.03755126,0.94679224,0.0,0.99998844
66,10,0.97074085,0.94499236,0.99950594,0.96864855,0.0,0.9999938
66,11,0.972265,0.88457656,1.0013112,0.90681857,0.0,0.99999714
66,12,0.007262174,0.021726955,0.074207544,0.09579736,0.0,0.99963474
66,13,-0.0004495154,0.33329415,0.0094998665,0.38071465,0.0,0.9997652
66,14,0.8903009,0.010791864,1.006381,0.07711804,0.0,0.999992
66,15,0.9098395,0.19681564,0.99101716,0.31919587,0.0,1.0
66,16,0.0035575237,0.49874356,0.03541661,0.60623306,0.0,0.9999906
66,17,0.4227322,-0.023154952,0.679144,0.2717247,0.0,0.99999976
66,18,0.54188997,0.028123204,0.6545316,0.13300696,0.0,0.99999964
66,19,0.34735852,0.3828247,0.42579848,0.48707703,0.0,0.9999993
67,0,0.6407853,0.33320165,0.7408542,0.4507241,2.0,0.99853945
67,1,0.7533579,0.35621476,0.8654857,0.49988627,3.0,0.9974146
67,2,0.5098437,0.35039014,0.60757905,0.47702324,1.0,0.9987436
67,3,0.7412787,0.46950957,0.7727876,0.5002542,0.0,0.99999833
67,4,0.90368885,0.8486826,1.0117166,0.96117586,0.0,0.9999937
67,5,0.8130909,0.42552644,0.9233427,0.56512344,0.0,0.9717362
67,6,0.75462586,0.26229864,0.88871574,0.38293672,0.0,0.99999464
67,7,0.7344027,0.48722544,0.8315103,0.5642207,0.0,0.99991643
67,8,0.7733813,0.86567765,0.9418619,0.98914385,0.0,0.9999919
67,9,0.84643894,0.36589125,0.9579522,0.49754533,0.0,0.9999995
67,10,0.6484217,0.34314957,0.6774029,0.38656646,0.0,0.9999989
67,11,0.78446037,0.09290913,0.9274964,0.2615402,0.0,0.9999993
67,12,0.6093718,0.19466153,0.68328625,0.28201008,0.0,1.0
67,13,0.80588233,0.6479754,0.992797,0.9872158,0.0,0.9999609
67,14,0.4534343,-0.039322704,0.80075544,0.30399373,0.0,0.9999906
67,15,0.84168226,0.32251033,0.9388523,0.45003003,0.0,0.99995816
67,16,0.9127027,0.22493558,0.98757696,0.32218796,0.0,0.99999857
67,17,0.013787825,0.13603118,0.07039639,0.35418072,0.0,0.999987
67,18,0.783947,0.35002762,0.8249474,0.48227912,0.0,0.9999999
67,19,0.63477504,0.34932232,0.6510108,0.39441013,0.0,0.9999254
68,0,0.74461585,0.4041059,0.83507276,0.5270878,3.0,0.99992466
68,1,0.51603776,0.3802491,0.6092081,0.4894483,1.0,0.9992563
68,2,0.6453206,0.37217245,0.73432165,0.4720441,2.0,0.999782
68,3,0.7217273,0.47442633,0.74675983,0.4864285,0.0,0.9999883
68,4,0.51520926,0.21179193,0.60574085,0.30730748,0.0,1.0
68,5,0.9554107,0.5032955,0.9943793,0.5660957,0.0,0.99999964
68,6,0.009973783,0.7087902,0.03234635,0.78720915,0.0,0.9999987
68,7,0.9788471,0.93058395,0.9986992,0.9511654,0.0,0.99999905
68,8,0.711636,0.10442768,0.97759116,0.36259943,0.0,0.9999721
68,9,0.7200119,0.16597,0.86731017,0.3275578,0.0,0.9999974
68,10,0.89924973,0.8397373,1.0097961,0.95283955,0.0,0.99999
68,11,0.7027491,0.34862772,0.8428368,0.44457722,0.0,0.99999404
68,12,0.8446372,0.2638067,0.92940533,0.38467842,0.0,0.9999423
68,13,0.8008434,0.6595419,0.98969805,0.980815,0.0,0.9998398
68,14,0.0130139785,0.8303992,0.032837294,0.93674904,0.0,0.9999982
68,15,0.8992931,0.21749917,0.9908149,0.3140505,0.0,0.99999976
68,16,0.006990923,0.15066072,0.022369236,0.20373656,0.0,0.9999958
68,17,0.7672338,0.09667771,0.9260428,0.26949427,0.0,0.9999827
68,18,0.009409064,0.32649437,0.032383025,0.41951302,0.0,0.9999995
68,19,0.39345497,0.3100075,0.5658742,0.63343644,0.0,0.9999987
69,0,0.66243416,0.38325238,0.7758779,0.49074495,1.0,0.99895346
69,1,0.7852364,0.5209388,0.8806989,0.635067,3.0,0.9991591
69,2,0.7524984,0.43612537,0.87782395,0.55559665,2.0,0.9996119
69,3,0.9495137,0.009232566,0.99104416,0.051930703,0.0,0.99998236
69,4,0.6712051,-0.014446676,0.97192436,0.29267374,0.0,0.99985373
69,5,0.7909977,0.6757809,0.9516124,0.8563319,0.0,0.9999341
69,6,0.021130662,0.016192522,0.06834561,0.09181844,0.0,0.9999925
69,7,0.72104335,0.41083175,0.75415015,0.46505594,0.0,1.0
69,8,0.95990956,0.5502652,0.9927989,0.6377738,0.0,0.9999999
69,9,0.98075014,0.7502923,1.0020274,0.76803535,0.0,0.99999416
69,10,0.6282523,0.4504805,0.7165501,0.53136736,0.0,0.99999213
69,11,0.00866835,0.071452916,0.03524659,0.17272086,0.0,0.99999595
69,12,0.69318634,0.5237148,0.7569031,0.5722836,0.0,0.9999989
69,13,0.97636575,0.93084025,0.997449,0.9517175,0.0,0.99999785
69,14,0.8493223,0.38123018,0.9329643,0.51929265,0.0,1.0
69,15,0.77146345,0.15842871,0.92170256,0.3461359,0.0,0.99997807
69,16,0.02274163,0.23616742,0.08423373,0.47434193,0.0,0.9999962
69,17,0.97601956,0.9440766,0.9979922,0.96716285,0.0,0.99999845
69,18,0.89226896,0.23021646,0.99601847,0.32672185,0.0,1.0
69,19,0.43838117,-0.042063408,0.73395586,0.18811119,0.0,0.9999796
70,0,0.8385726,0.44686684,0.94680077,0.62958604,3.0,0.9998653
70,1,0.7207327,0.38996416,0.86410415,0.5345705,2.0,0.9998161
70,2,0.58179885,0.3770255,0.69826794,0.51526856,1.0,0.9994686
70,3,0.9595072,0.5293694,1.0034444,0.6159367,0.0,1.0
70,4,0.014816711,0.01127606,0.073248215,0.04126529,0.0,0.99976856
70,5,0.004393005,0.3596973,0.021687053,0.41895953,0.0,0.99999285
70,6,0.63415504,0.8587378,0.79392666,0.97873914,0.0,0.9999894
70,7,0.59967387,0.31653452,0.65321004,0.38167322,0.0,0.9999995
70,8,0.97834706,0.18074518,1.0024033,0.20377888,0.0,0.9999993
70,9,0.0053557204,0.5472739,0.032227855,0.6656434,0.0,0.99998164
70,10,0.5327232,0.368806,0.5933745,0.5036155,0.0,0.9999914
70,11,0.9539361,0.53403485,1.0098287,0.6350593,0.0,0.9999999
70,12,0.75372124,0.34355178,0.88543516,0.44063017,0.0,0.9999776
70,13,0.5065021,0.85702366,0.65741324,0.97721046,0.0,0.9999964
70,14,0.007881987,0.38740283,0.033762764,0.49841002,0.0,0.9999777
70,15,0.4744015,0.5990649,0.55351466,0.7175455,0.0,0.99999976
70,16,0.97202605,0.9438394,1.0000855,0.9696555,0.0,0.9999932
70,17,0.97601,0.2174503,0.99831957,0.2555011,0.0,0.9999995
70,18,0.0024960707,0.18349048,0.01682359,0.23962073,0.0,0.9999652
70,19,0.7781922,0.7209935,0.9382819,0.9055926,0.0,0.9999987
71,0,0.84955317,0.42321762,0.929656,0.51913685,3.0,0.95962864
71,1,0.8011797,0.36273018,0.90215665,0.4450777,2.0,0.9966323
71,2,0.73421645,0.34932852,0.8097453,0.4358051,1.0,0.99874973
71,3,0.7896166,0.26507738,0.9194518,0.35621074,0.0,0.99979717
71,4,0.89098877,0.48735455,0.9592862,0.57663697,0.0,0.99989474
71,5,0.66138947,0.4533201,0.75466293,0.5478701,0.0,0.99999416
71,6,0.82713234,0.3480261,0.85665023,0.40643764,0.0,1.0
71,7,0.8389945,0.3808063,0.8763216,0.4195888,0.0,1.0
71,8,0.008322963,0.009568153,0.02757503,0.060947917,0.0,0.99993646
71,9,0.9725753,0.9582053,0.9972791,1.002553,0.0,0.9999887
71,10,0.0014200215,0.005393354,0.010991208,0.03575751,0.0,0.99976856
71,11,0.55026454,0.06289397,0.89990366,0.38819712,0.0,0.99999845
71,12,0.795766,0.43488827,0.8294472,0.47286585,0.0,0.9999964
71,13,0.7073144,0.34771478,0.7600046,0.44438472,0.0,0.9999589
71,14,0.8432029,0.1480533,0.9922147,0.24046046,0.0,0.9999497
71,15,0.893262,0.31414583,0.95979685,0.3838585,0.0,0.9999852
71,16,0.0026066299,0.5150771,0.015620695,0.5402165,0.0,0.9999536
71,17,0.020714216,0.8225526,0.08609038,0.9545307,0.0,0.99993205
71,18,0.00028695166,0.0077659227,0.0038882708,0.06462239,0.0,0.9997888
71,19,0.00529111,0.7540339,0.0249653,0.8614897,0.0,0.9999765
72,0,0.7294473,0.41039655,0.8374249,0.5271912,2.0,0.9999032
72,1,0.81980616,0.45832077,0.91271186,0.59324324,3.0,0.99992204
72,2,0.62406963,0.40227392,0.71269923,0.51032877,1.0,0.9997719
72,3,0.40567794,0.3452608,0.5697955,0.5994775,0.0,0.99999285
72,4,0.0059996024,0.9706206,0.027344652,1.0019056,0.0,0.9999907
72,5,0.57899797,0.38961807,0.7213683,0.4833988,0.0,0.9998901
72,6,0.009294012,0.38699168,0.03372266,0.4909939,0.0,0.9999944
72,7,0.74145275,0.3932749,0.7536323,0.43752536,0.0,0.9999908
72,8,0.9728431,0.0034005195,0.99685335,0.020373723,0.0,0.99997556
72,9,0.7778166,0.44603246,0.8077228,0.46365282,0.0,1.0
72,10,0.6312683,0.32835132,0.70650136,0.40881455,0.0,0.9999528
72,11,0.916713,0.3002785,0.994371,0.42097408,0.0,0.9999882
72,12,0.8721573,0.09568587,0.97806853,0.1881431,0.0,0.9999962
72,13,0.68113154,0.33878076,0.8021997,0.41694787,0.0,0.9999945
72,14,0.92011416,0.39501545,0.98569936,0.5217705,0.0,0.9999999
72,15,0.6654026,0.44626904,0.7636931,0.52568966,0.0,0.99999523
72,16,0.007803914,0.26455167,0.02917051,0.3642353,0.0,0.9999968
72,17,0.0024565943,0.16627574,0.08684172,0.48468328,0.0,0.99998677
72,18,0.3434604,0.016816556,0.4517473,0.08872989,0.0,0.99999595
72,19,0.7822127,0.020093028,0.892486,0.09420155,0.0,0.99997854
73,0,0.7787722,0.3917845,0.8962524,0.5149931,2.0,0.9972192
73,1,0.6553555,0.3824865,0.7503497,0.4959021,1.0,0.99965334
73,2,0.84667313,0.47094515,0.9523545,0.61542594,3.0,0.9823282
73,3,0.64387584,0.27328965,0.87445337,0.48335138,0.0,0.9999889
73,4,0.008009204,0.5140431,0.031591333,0.6083125,0.0,0.99999106
73,5,0.019448796,0.017893564,0.06880539,0.09297791,0.0,0.99993515
73,6,0.77475667,0.40103883,0.80426943,0.4454296,0.0,0.99996734
73,7,0.008929675,0.07582414,0.031756148,0.16889872,0.0,0.99995697
73,8,0.7057568,0.15734981,0.77833956,0.248359,0.0,0.9999993
73,9,0.38549313,0.32881522,0.56903386,0.6324472,0.0,0.9999945
73,10,0.73996425,0.42560843,0.86393577,0.54622173,0.0,1.0
73,11,0.74894756,0.36635113,0.8264268,0.469588,0.0,0.9998343
73,12,0.8383845,0.6614102,0.89334685,0.7157588,0.0,0.99999905
73,13,0.77076864,0.72008,0.9423064,0.9072285,0.0,0.99997234
73,14,0.015954342,0.76354015,0.0466737,0.79539233,0.0,0.9999654
73,15,0.4713702,0.41393295,0.52267224,0.5102387,0.0,0.9999999
73,16,0.87651056,0.636974,0.97737545,0.75793916,0.0,0.99999833
73,17,0.6445046,0.424301,0.78269976,0.53056777,0.0,0.99951386
73,18,0.008688555,0.4554412,0.035090696,0.550951,0.0,0.9999956
73,19,0.77043235,0.29532012,0.8712127,0.38437974,0.0,0.999785
74,0,0.75427496,0.46819043,0.8412502,0.56832254,2.0,0.9981622
74,1,0.8515217,0.4793238,0.9370364,0.6033668,3.0,0.9959466
74,2,0.64191425,0.47221053,0.7308997,0.5809257,1.0,0.9983271
74,3,0.9858066,0.9883051,1.0012745,1.0013307,0.0,0.999998
74,4,0.0010466082,0.0060347617,0.009511786,0.03387537,0.0,0.99994576
74,5,0.71045303,0.4589915,0.8140633,0.55936277,0.0,0.9999881
74,6,0.01022766,0.47092515,0.045172058,0.5466978,0.0,0.9999988
74,7,0.7743822,0.4782067,0.79482955,0.5060485,0.0,0.9999982
74,8,0.74290687,0.57076496,0.7875359,0.61898005,0.0,0.9999839
74,9,0.7573115,0.3807809,0.8200392,0.45570952,0.0,0.99999964
74,10,0.7512239,0.47354987,0.76502156,0.5038457,0.0,0.9999907
74,11,0.6390382,0.44361788,0.8911325,0.7462815,0.0,0.9996443
74,12,0.71330345,0.11135574,0.9671768,0.3830248,0.0,0.9999558
74,13,0.5635852,0.07059473,0.86290723,0.39198256,0.0,0.9998919
74,14,0.6646396,0.58563125,0.81506556,0.77987325,0.0,0.9998456
74,15,0.8779179,0.44989723,0.937708,0.51926553,0.0,0.9999895
74,16,0.8446909,0.3993582,0.9413636,0.49376914,0.0,0.9999664
74,17,0.73801637,0.39161164,0.8027987,0.44348258,0.0,0.99999905
74,18,0.6703061,0.3968262,0.7230965,0.46756935,0.0,0.9999995
74,19,0.66500336,0.50867003,0.69854295,0.57485116,0.0,1.0
75,0,0.84603804,0.4674442,0.934111,0.5948111,3.0,0.99997103
75,1,0.7454593,0.42141214,0.8473171,0.5291678,2.0,0.9999162
75,2,0.62948513,0.41849542,0.7146101,0.52849865,1.0,0.99948055
75,3,0.008853125,0.50158685,0.035459127,0.6123528,0.0,0.99998283
75,4,0.97434634,0.3479218,0.99866307,0.37213814,0.0,0.99999833
75,5,0.8164762,0.4700669,0.9941757,0.7328942,0.0,0.99999714
75,6,0.012585937,0.43811557,0.03946964,0.55256426,0.0,0.9999956
75,7,0.75217986,0.5328571,0.86839217,0.6112102,0.0,0.9998661
75,8,0.95790225,0.5165571,0.99579084,0.6106257,0.0,1.0
75,9,0.41259608,0.22775948,0.66612446,0.57172465,0.0,0.9999552
75,10,0.73721397,0.41277784,0.78562164,0.4686935,0.0,0.99997294
75,11,0.89372295,0.90837306,0.9901649,0.9997575,0.0,0.9999918
75,12,0.8346481,0.43626404,0.85524225,0.45803148,0.0,0.9999845
75,13,0.80281496,0.44688115,0.8329902,0.46934715,0.0,1.0
75,14,0.7408857,0.5235358,0.77666306,0.5380179,0.0,0.9999323
75,15,0.980806,0.9187603,0.9988589,0.93837297,0.0,0.99999714
75,16,0.009599656,0.010731118,0.027333234,0.056701884,0.0,0.9999844
75,17,0.919044,0.2738894,0.9952649,0.3767452,0.0,0.9999981
75,18,0.63596475,0.305418,0.8621682,0.47296938,0.0,0.9999999
75,19,0.97298485,0.33693707,0.9988249,0.35862938,0.0,0.99999845
76,0,0.73495865,0.4007709,0.8250882,0.5313665,3.0,0.9998616
76,1,0.6515199,0.35857671,0.7563676,0.47766554,2.0,0.9999484
76,2,0.5574171,0.32595614,0.65604913,0.4459899,1.0,0.9995838
76,3,0.91126704,0.20795165,0.97899187,0.2957958,0.0,0.9999919
76,4,0.46084496,0.37790358,0.5217418,0.45494142,0.0,0.99997973
76,5,0.56976515,0.59611845,0.7058322,0.69376814,0.0,0.9999528
76,6,0.6745572,0.49220252,0.78064483,0.57371044,0.0,0.99998295
76,7,0.5503395,0.38765875,0.65277594,0.46072415,0.0,0.9999809
76,8,0.96225667,0.30034256,1.0032494,0.39177555,0.0,1.0
76,9,0.61779904,0.2960886,0.7285742,0.36477962,0.0,0.9999075
76,10,0.8257112,0.51494044,0.86346394,0.58934194,0.0,0.99999595
76,11,0.87226725,0.4488055,0.961262,0.5749525,0.0,0.9999869
76,12,0.9071484,0.8593782,1.0086627,1.0091679,0.0,0.99949265
76,13,0.40157655,0.35064524,0.50011647,0.46059418,0.0,0.9999989
76,14,-0.005134564,0.11839041,0.0894084,0.5264946,0.0,0.99999774
76,15,0.7965084,0.57810813,0.8763799,0.69913304,0.0,0.9999964
76,16,0.7577063,0.51339465,0.8183823,0.59252506,0.0,0.9999876
76,17,0.7166739,0.48220408,0.75770223,0.51302713,0.0,0.99999845
76,18,0.8002839,0.36916548,0.9514002,0.5951891,0.0,0.999995
76,19,0.90990144,0.4277165,1.020644,0.5351249,0.0,0.9999907
77,0,0.6797174,0.3800318,0.77623343,0.49817863,2.0,0.9999027
77,1,0.56592566,0.37882367,0.6448209,0.48655778,1.0,0.9995353
77,2,0.75350845,0.44489583,0.8427981,0.5721792,3.0,0.9992405
77,3,0.85948366,0.29614234,0.9531924,0.41045445,0.0,0.99999976
77,4,0.9717142,0.011317432,0.9956423,0.036860608,0.0,0.99996364
77,5,0.5259947,0.5645233,0.6303551,0.68522626,0.0,0.99999964
77,6,0.46957213,0.426712,0.50721663,0.4887457,0.0,1.0
77,7,0.45387724,0.36831364,0.54848826,0.4788292,0.0,0.9999981
77,8,0.5360115,0.53349835,0.6210148,0.6297788,0.0,0.9999974
77,9,0.40274513,0.40403208,0.47287488,0.4980405,0.0,0.99999964
77,10,0.7725417,0.67439926,0.946579,0.8429456,0.0,0.99999917
77,11,0.8077911,0.39572403,0.9556664,0.5920465,0.0,0.99999845
77,12,0.6269038,0.3574025,0.69856316,0.48815703,0.0,0.9990502
77,13,0.6006696,0.53509134,0.7540041,0.70191556,0.0,0.9999974
77,14,0.0053388383,0.9705326,0.033436164,1.0053897,0.0,0.9999802
77,15,0.9535809,0.49252522,1.0047106,0.58871055,0.0,0.99967325
77,16,0.89600503,0.79856247,1.0084445,0.8759484,0.0,0.9999826
77,17,0.578751,0.5318922,0.6726039,0.6316733,0.0,0.99999774
77,18,0.9685472,0.68908453,1.0061215,0.72994363,0.0,0.99995124
77,19,0.68024534,0.38891253,0.7053403,0.44195205,0.0,1.0
78,0,0.70044035,0.4808461,0.80421925,0.5863107,3.0,0.9982693
78,1,0.55442584,0.37649706,0.6602091,0.49971187,1.0,0.9982114
78,2,0.63817096,0.41727293,0.7489108,0.5402554,2.0,0.997917
78,3,0.6880119,0.46879494,0.71177423,0.5252691,0.0,1.0
78,4,0.36737812,0.39361587,0.43704632,0.48212203,0.0,0.99999654
78,5,0.3194126,0.44480523,0.46159843,0.5569691,0.0,0.99995625
78,6,0.4553132,0.5828066,0.5819379,0.7041869,0.0,0.9999647
78,7,0.76387686,0.37400603,0.9680513,0.63514173,0.0,0.99999166
78,8,0.5777296,0.5287208,0.67252475,0.60912365,0.0,0.9999347
78,9,0.3239583,0.5391013,0.35747045,0.60264486,0.0,1.0
78,10,0.6429846,0.53997886,0.7192703,0.5946621,0.0,0.9999608
78,11,0.9183341,0.26773897,0.9812159,0.37596107,0.0,0.9999981
78,12,0.022473272,0.38576007,0.08047508,0.51491904,0.0,0.99994326
78,13,0.012406126,0.9064766,0.054898754,1.006737,0.0,0.9999634
78,14,0.9795173,0.012289745,0.99994093,0.035797488,0.0,0.99998605
78,15,0.5307032,0.36817133,0.632589,0.457663,0.0,0.9999938
78,16,0.973221,0.7417096,1.0000839,0.7693343,0.0,0.9999881
78,17,0.01969374,0.4613472,0.048856206,0.49633327,0.0,0.9999993
78,18,0.91609186,0.84441775,1.0071083,1.0046548,0.0,0.99997973
78,19,0.008662205,0.4379896,0.10522418,0.5799235,0.0,0.9998765
79,0,0.6761767,0.33794942,0.7938706,0.46155298,2.0,0.999782
79,1,0.7722061,0.41538516,0.8669263,0.55234694,3.0,0.9998833
79,2,0.5517354,0.33357897,0.6442082,0.44114637,1.0,0.99935955
79,3,0.826547,0.398373,0.92842215,0.59938204,0.0,0.9999994
79,4,0.8741978,0.6519255,0.9894254,0.7543541,0.0,0.9999299
79,5,0.89671326,0.55575216,0.99139357,0.68126374,0.0,0.9999999
79,6,0.52193123,0.56396866,0.63554555,0.6747272,0.0,0.9999989
79,7,0.46325696,0.3957984,0.51287806,0.4925081,0.0,0.9999956
79,8,0.73516375,0.58874846,0.9640237,0.9259165,0.0,0.9999976
79,9,0.0113027515,0.7018377,0.033806197,0.8072019,0.0,0.99998593
79,10,0.008072479,0.95267993,0.042540602,1.0046341,0.0,0.9999727
79,11,0.76906174,0.25609922,0.84516597,0.36714354,0.0,0.9999927
79,12,0.0006939983,0.5471294,0.011969191,0.5746082,0.0,0.99991345
79,13,0.6825141,0.33861613,0.70897394,0.38149133,0.0,0.99999774
79,14,0.67654496,0.48497042,0.84902966,0.62095106,0.0,0.9999839
79,15,0.6872863,0.44580612,0.71858233,0.4632973,0.0,0.9999844
79,16,0.6875833,0.41369128,0.7049394,0.444763,0.0,0.99999964
79,17,0.87527907,0.7221059,0.9999424,0.8354439,0.0,0.99996054
79,18,0.67072207,0.33776426,0.74801457,0.43915796,0.0,0.9999423
79,19,0.5339239,0.3883706,0.6723072,0.46735737,0.0,0.999972
80,0,0.7528795,0.42908564,0.8746948,0.5833329,3.0,0.9996081
80,1,0.6456636,0.4028381,0.7757194,0.5270944,2.0,0.9996377
80,2,0.5315502,0.385604,0.6394276,0.5009388,1.0,0.9997217
80,3,0.9727512,0.4323975,0.9956336,0.45339713,0.0,0.99999416
80,4,0.010467213,0.5598521,0.040768813,0.6865207,0.0,0.99998987
80,5,0.90476066,0.5122809,0.97790533,0.6415188,0.0,0.99998844
80,6,0.90130794,0.011810377,1.0005301,0.07738294,0.0,0.99999297
80,7,0.6457359,0.4428424,0.72377807,0.52068305,0.0,0.9999999
80,8,0.5310049,0.40481997,0.7340346,0.6124799,0.0,1.0
80,9,0.791027,0.22751832,0.9307939,0.38037848,0.0,0.99997556
80,10,0.7177213,0.45083603,0.75011706,0.5188166,0.0,0.99999845
80,11,0.57987756,0.20060873,0.6680549,0.30960453,0.0,0.9999999
80,12,0.6787753,0.614831,0.71959597,0.67767215,0.0,0.9999999
80,13,0.44989046,0.20886679,0.5311388,0.32049984,0.0,0.9999999
80,14,0.00044577802,0.63763416,0.0066163777,0.690168,0.0,0.9998254
80,15,0.6090768,0.5877663,0.7587379,0.7622699,0.0,0.9999932
80,16,0.83714134,0.66039747,0.9437478,0.7720783,0.0,0.9999987
80,17,0.7797537,0.24811968,0.87396806,0.3528751,0.0,0.99999964
80,18,0.7215849,0.63471586,0.8344821,0.75070304,0.0,0.9999989
80,19,0.5214515,0.26992562,0.6395486,0.3632655,0.0,0.9999994
81,0,0.84825766,0.37617067,0.94354284,0.4932476,3.0,0.9997031
81,1,0.7680478,0.33932966,0.8625859,0.4458897,2.0,0.9997304
81,2,0.68238103,0.3025419,0.7696615,0.417699,1.0,0.99988306
81,3,0.013302284,0.25202465,0.039788183,0.35636085,0.0,0.9999752
81,4,0.6763421,0.6006007,0.7979552,0.7694502,0.0,0.99998724
81,5,0.7562746,0.3811517,0.8607298,0.45542818,0.0,0.99266607
81,6,0.9796869,0.5423787,0.9961951,0.56402564,0.0,0.9999944
81,7,0.8608702,0.84095967,0.9391195,0.99976003,0.0,0.9999199
81,8,0.009952591,0.5748753,0.035404652,0.6784563,0.0,0.999992
81,9,0.92236984,0.8646522,0.9968857,0.99934006,0.0,0.9999746
81,10,0.90700334,0.5220089,1.0016904,0.633422,0.0,0.9999974
81,11,0.81014234,0.36376652,0.8344149,0.39713705,0.0,1.0
81,12,-9.851181e-06,0.014363062,0.002049948,0.06432009,0.0,0.9996339
81,13,0.6521911,0.4035474,0.7721677,0.46250215,0.0,0.99995625
81,14,0.7431118,0.5959294,0.87170684,0.77322376,0.0,0.99997723
81,15,0.7632894,0.44327933,0.8469445,0.51189923,0.0,0.99999225
81,16,0.48773322,0.44728094,0.78821695,0.7857429,0.0,0.9999882
81,17,0.9841684,0.13676913,0.9999905,0.16024886,0.0,0.99999976
81,18,0.009497043,0.16435015,0.04946791,0.24599132,0.0,0.99997914
81,19,0.0011732364,0.09036452,0.009937272,0.14040788,0.0,0.999925
82,0,0.6751033,0.3484091,0.8113486,0.48135883,2.0,0.9998342
82,1,0.79346097,0.404819,0.9253131,0.559233,3.0,0.99937016
82,2,0.5570617,0.30754265,0.6762395,0.4347881,1.0,0.9996246
82,3,0.9743344,0.29041654,0.9974326,0.30981317,0.0,0.9999988
82,4,0.57848316,0.487254,0.6884787,0.59360796,0.0,0.99997103
82,5,0.0027789283,0.3943207,0.016982127,0.4491765,0.0,0.9999318
82,6,0.43807608,0.37825844,0.55425555,0.49552774,0.0,0.99999905
82,7,0.9837418,0.9856901,1.0043935,1.0016028,0.0,0.99974793
82,8,0.4939283,0.37729016,0.6911738,0.4686144,0.0,0.9999962
82,9,0.006086453,0.45504093,0.025038358,0.56441975,0.0,0.9999958
82,10,0.44222096,0.099910736,0.6628443,0.36196893,0.0,0.99999976
82,11,0.6811329,0.40933508,0.7857854,0.5150972,0.0,0.9999999
82,12,0.0002464566,0.008580714,0.0049699293,0.06273607,0.0,0.99983263
82,13,0.015411545,0.271912,0.082425386,0.387411,0.0,0.99993885
82,14,0.91359913,0.37579066,0.97707087,0.5013185,0.0,0.99995756
82,15,0.62948984,0.43510932,0.90272224,0.75169575,0.0,0.99999857
82,16,0.9763545,0.6815076,1.0001022,0.7154928,0.0,0.9999808
82,17,0.92138666,0.20789984,0.99454695,0.30175483,0.0,0.99999344
82,18,0.78950864,0.4453007,0.86479306,0.5645747,0.0,0.99999976
82,19,0.0050530145,0.9698601,0.027529664,1.001058,0.0,0.9999496
83,0,0.7342713,0.36494645,0.8307497,0.49958807,3.0,0.99906033
83,1,0.6137007,0.337591,0.7200473,0.44835052,2.0,0.99946266
83,2,0.49170193,0.34605244,0.58266836,0.45712185,1.0,0.9991059
83,3,0.009421591,0.0037403665,0.07048072,0.086751774,0.0,0.99929476
83,4,0.8880839,0.102368236,0.98288447,0.18875101,0.0,0.9999981
83,5,0.005587982,0.512851,0.035343446,0.6150656,0.0,0.9999591
83,6,0.6944361,0.21328278,0.77381736,0.3309506,0.0,0.99998987
83,7,0.8803623,0.38869387,0.9450097,0.4877263,0.0,0.99999964
83,8,0.76182085,0.41057417,0.8704047,0.5379964,0.0,0.9999976
83,9,0.6898474,0.46754885,0.7225493,0.50894445,0.0,0.9999696
83,10,0.024855604,0.13323638,0.07816181,0.37023044,0.0,0.99995565
83,11,0.5017581,0.2931795,0.64913577,0.40482348,0.0,0.9999981
83,12,0.006844774,0.0068265386,0.025126558,0.05362394,0.0,0.9995728
83,13,0.7810421,0.6218191,0.940015,0.78536236,0.0,0.9999949
83,14,0.009483849,0.32082206,0.035490986,0.4230836,0.0,0.99999356
83,15,0.44983646,0.007002227,0.56249136,0.08354682,0.0,0.9999852
83,16,0.97734255,0.2538132,0.99732447,0.27833015,0.0,0.999997
83,17,0.58004314,0.2353949,0.6407161,0.31620765,0.0,0.99999833
83,18,0.68022984,0.3592154,0.70685726,0.39823326,0.0,0.9999999
83,19,0.61949146,0.31448132,0.68570375,0.4363853,0.0,0.9999999
84,0,0.7188076,0.40074497,0.84511256,0.53775346,2.0,0.99924845
84,1,0.6063501,0.37386823,0.7115155,0.50223815,1.0,0.9997379
84,2,0.81015897,0.48356298,0.90717316,0.62928057,3.0,0.9999074
84,3,0.004483171,0.53203064,0.09557903,0.8562839,0.0,0.99996746
84,4,0.003367832,0.15344664,0.013946407,0.19900544,0.0,0.99997544
84,5,0.013847591,0.90969396,0.05354356,1.0032573,0.0,0.9999889
84,6,0.88164735,0.83311284,1.0197663,0.9519353,0.0,0.99992394
84,7,0.9861071,0.98685354,1.0011629,1.0013461,0.0,0.999998
84,8,0.0015486693,0.48826215,0.018203832,0.5363769,0.0,0.9999484
84,9,0.0031310515,0.46037695,0.01919819,0.51121724,0.0,0.999985
84,10,0.018070798,0.019679934,0.06525345,0.09606588,0.0,0.9999368
84,11,0.9811767,0.3086209,0.9996228,0.32783434,0.0,0.9999988
84,12,0.74527293,0.5464476,0.78764427,0.57345414,0.0,0.9999906
84,13,0.56279033,0.24925925,0.70578057,0.36366352,0.0,0.9999993
84,14,0.736157,0.38712433,0.7685882,0.44455677,0.0,0.9999918
84,15,0.641631,0.54430145,0.7185335,0.6421053,0.0,0.9999951
84,16,0.004771987,0.63488245,0.04086794,0.7324222,0.0,0.9999927
84,17,0.92460686,0.8491462,1.0038877,1.0117843,0.0,0.9999584
84,18,0.935026,0.4486811,0.9973385,0.49659935,0.0,0.9999882
84,19,0.004780587,0.69756836,0.10841741,0.98531675,0.0,0.99997306
85,0,0.56090814,0.33030957,0.6601899,0.44547626,1.0,0.99861574
85,1,0.6995785,0.31581587,0.7960574,0.42125848,2.0,0.9998841
85,2,0.80460477,0.3359061,0.90834725,0.4769519,3.0,0.997558
85,3,0.8510373,0.46245977,0.92024875,0.5377735,0.0,1.0
85,4,0.9754829,0.9292585,0.9963233,0.9514251,0.0,0.9999974
85,5,0.9478693,0.48980388,0.986815,0.5736898,0.0,0.9999995
85,6,0.60322547,0.019143283,0.7051602,0.08867011,0.0,0.99999964
85,7,0.016661387,0.08831091,0.08662334,0.21299154,0.0,0.9999634
85,8,0.006294608,-0.01803144,0.2655567,0.1583659,0.0,0.99995065
85,9,0.019102661,0.25565904,0.073689,0.49402934,0.0,0.99998045
85,10,0.8067589,0.10751047,0.9645245,0.3315233,0.0,0.9999975
85,11,0.40630075,0.01762012,0.5081996,0.083831,0.0,0.9999995
85,12,0.47662312,0.32852262,0.7179619,0.60748446,0.0,1.0
85,13,0.9445906,0.32069695,1.0108498,0.3717786,0.0,0.9999994
85,14,0.6295129,0.3616524,0.80442977,0.47820407,0.0,0.9999974
85,15,0.019438451,0.008624084,0.066580676,0.041219097,0.0,0.9999832
85,16,0.6894354,0.33596158,0.7706569,0.3970989,0.0,0.9999944
85,17,0.6770396,0.25026533,0.7485988,0.3110224,0.0,0.9999995
85,18,0.019271182,0.6515841,0.07950208,0.8616789,0.0,0.9999932
85,19,0.819988,0.31479564,0.86843175,0.4119191,0.0,1.0
86,0,0.7098242,0.39329052,0.84476095,0.5258963,2.0,0.99995863
86,1,0.8069002,0.45100418,0.9175478,0.59191155,3.0,0.999969
86,2,0.5922638,0.37968242,0.7011494,0.49709317,1.0,0.9996177
86,3,0.30984208,0.19545032,0.5514159,0.5332988,0.0,0.9998926
86,4,0.59804386,0.5289537,0.67271316,0.6236378,0.0,0.99999964
86,5,0.024585772,0.8383339,0.088019,0.960442,0.0,0.9999902
86,6,0.70913017,0.19398482,0.8084896,0.31125394,0.0,0.9999995
86,7,0.015659913,0.39296988,0.090923,0.5092592,0.0,0.9999963
86,8,0.79062665,0.69348705,0.9974339,0.9782409,0.0,0.99979347
86,9,0.0018373746,0.3952014,0.011542123,0.45004496,0.0,0.9999857
86,10,0.8017169,0.35460043,0.9575346,0.61716056,0.0,0.99981016
86,11,0.65760326,0.020874854,0.77076006,0.10035704,0.0,0.9999995
86,12,0.9743845,0.94346166,1.0000818,0.9697292,0.0,0.99999297
86,13,0.7823947,0.5459648,0.81808704,0.5814529,0.0,0.9999864
86,14,0.7315743,0.3830077,0.7571418,0.4374028,0.0,0.99997735
86,15,0.7219106,0.1630581,0.8548458,0.30915454,0.0,0.9997807
86,16,0.78123164,0.15944047,0.9369649,0.32245868,0.0,0.99997914
86,17,0.6626669,0.42965984,0.75725853,0.5505117,0.0,0.99999845
86,18,0.0027010404,0.37832633,0.098699674,0.7544081,0.0,0.9999926
86,19,0.79128593,0.59479284,0.8607547,0.68297726,0.0,0.9999825
87,0,0.6705286,0.33750144,0.8060166,0.47343946,2.0,0.9983512
87,1,0.77455395,0.39214513,0.88904166,0.5202733,3.0,0.99856466
87,2,0.5528817,0.31632954,0.6633957,0.45043007,1.0,0.99437416
87,3,0.9031872,0.7385606,1.0042028,0.8237024,0.0,0.9999968
87,4,0.5190635,0.14406367,0.60303974,0.25340676,0.0,1.0
87,5,0.45063964,0.45628232,0.55190456,0.56482,0.0,0.9999995
87,6,0.9766482,0.93131375,0.99710304,0.9519272,0.0,0.99999785
87,7,0.4583634,0.3624114,0.52860165,0.48012432,0.0,0.9999918
87,8,0.4875806,0.3249007,0.763492,0.6088388,0.0,0.9999993
87,9,0.49662763,0.60137886,0.7748226,0.99192345,0.0,0.9997825
87,10,0.863511,0.32186684,0.93889844,0.43743542,0.0,0.99999976
87,11,0.86661005,0.67530257,1.001823,0.7619702,0.0,0.99981385
87,12,0.008037616,0.19628334,0.031858325,0.3035978,0.0,0.9999982
87,13,0.841572,0.40781915,0.89915097,0.52665293,0.0,0.9994338
87,14,0.7423296,0.38736704,0.77055246,0.4315715,0.0,1.0
87,15,0.5918987,0.46785766,0.6798748,0.5548706,0.0,0.99999833
87,16,0.5413307,0.4809399,0.6986455,0.65360636,0.0,0.99998724
87,17,0.6744533,0.28921953,0.7489423,0.34284344,0.0,0.9999919
87,18,0.72097635,0.27756506,0.79608274,0.3513947,0.0,0.9999994
87,19,0.57789874,0.1447711,0.66304386,0.24507394,0.0,1.0
88,0,0.7299513,0.39992556,0.8497608,0.5277286,2.0,0.99986196
88,1,0.8337958,0.47797558,0.9405547,0.6185814,3.0,0.9997615
88,2,0.6217406,0.4020094,0.7126859,0.5111054,1.0,0.9995573
88,3,0.9610302,0.4893167,0.995493,0.56751156,0.0,0.9999999
88,4,0.48260134,0.6477771,0.7118682,0.9655808,0.0,0.99999547
88,5,0.8629149,0.8665614,0.9406595,0.99046975,0.0,0.9999949
88,6,0.0060480386,-0.022414014,0.13381468,0.20466615,0.0,0.9999862
88,7,0.0015801,0.0061783167,0.011970574,0.03658275,0.0,0.9999684
88,8,0.75808346,0.36069256,0.78517824,0.3872915,0.0,0.9999987
88,9,0.7601994,0.5442514,0.8455418,0.62731206,0.0,0.99992406
88,10,0.52465546,0.292768,0.69038284,0.45127517,0.0,0.9999994
88,11,0.37218115,0.3303813,0.5496445,0.6173098,0.0,0.9999982
88,12,0.40632412,0.60650915,0.47826922,0.6990497,0.0,0.99999964
88,13,0.49212703,0.45446205,0.5635559,0.53222823,0.0,0.99999964
88,14,0.7003265,0.40626177,0.76071805,0.50322735,0.0,0.99999964
88,15,0.65920454,0.35858682,0.8799652,0.48472267,0.0,0.9999757
88,16,0.326079,0.6749073,0.6017103,0.9861155,0.0,0.9999813
88,17,0.005814743,0.20849757,0.029596977,0.2938711,0.0,0.9999969
88,18,0.9060557,0.41283745,1.0107665,0.51986873,0.0,0.9999999
88,19,0.7280061,0.021404304,0.8500875,0.10508872,0.0,1.0
89,0,0.6569395,0.37312645,0.7623115,0.48282367,2.0,0.99951434
89,1,0.76384944,0.3948237,0.8690257,0.5258564,3.0,0.99923337
89,2,0.55704063,0.35984564,0.63903594,0.47482705,1.0,0.9988881
89,3,0.9506426,0.0036587715,0.99205923,0.044996187,0.0,0.9999896
89,4,0.0077547505,0.083083995,0.037752055,0.16943121,0.0,0.999995
89,5,0.97138256,0.6499353,0.99248976,0.6893874,0.0,0.999997
89,6,0.009804219,0.20602071,0.032542873,0.31029332,0.0,0.99999
89,7,0.017451609,0.006992966,0.0790181,0.08753704,0.0,0.999979
89,8,0.56451195,0.37878215,0.613536,0.4698105,0.0,0.9999614
89,9,0.013294142,0.8225212,0.089066595,0.95675755,0.0,0.9999697
89,10,0.78867644,0.3515128,0.86386585,0.42664492,0.0,0.9999896
89,11,0.895095,0.4258132,0.93803996,0.5158235,0.0,1.0
89,12,0.69555473,0.2697772,0.80337733,0.35945186,0.0,0.99922144
89,13,0.6578668,0.55234367,0.82990164,0.6986566,0.0,0.9999765
89,14,0.7631697,0.3619402,0.8220739,0.48761436,0.0,0.9999994
89,15,0.67350614,0.501848,0.7500749,0.57196915,0.0,0.9999962
89,16,0.907458,0.0201732,1.012508,0.09333263,0.0,0.99997985
89,17,0.7221488,0.3084435,0.8361012,0.3881262,0.0,0.99999654
89,18,0.97330225,0.6168866,0.99232346,0.6462505,0.0,0.99999976
89,19,0.76319635,0.4898849,0.99063873,0.7751434,0.0,0.9999486
90,0,0.70616364,0.47749895,0.82647014,0.61128956,3.0,0.9964889
90,1,0.5196327,0.41043988,0.6119126,0.5226582,1.0,0.99965405
90,2,0.62361836,0.42251158,0.7431485,0.5400143,2.0,0.9978508
90,3,0.33892637,0.010957252,0.44957563,0.08957812,0.0,0.9999981
90,4,0.6240313,0.44266123,0.709506,0.50911903,0.0,0.9994
90,5,0.34453773,0.479576,0.40037742,0.58440506,0.0,1.0
90,6,0.7781618,0.66385096,0.93042725,0.82829696,0.0,0.9999821
90,7,0.86847526,0.291373,0.9530358,0.40391248,0.0,0.9999999
90,8,0.009098124,0.506941,0.029759455,0.60068333,0.0,0.9999713
90,9,0.65642446,0.29439932,0.73848164,0.40600926,0.0,0.9999858
90,10,0.006763705,0.319218,0.032220893,0.42928916,0.0,0.9999906
90,11,0.33627525,0.26256472,0.55725676,0.5760015,0.0,0.99999833
90,12,0.8400901,0.8086994,0.94764674,1.0189415,0.0,0.9996137
90,13,0.5548924,0.40015146,0.7083653,0.5579027,0.0,1.0
90,14,0.69350785,0.46993288,0.7556389,0.5600961,0.0,0.99999976
90,15,0.75674635,0.4205243,0.82814485,0.5277803,0.0,0.99999964
90,16,0.4999743,0.36753774,0.6625902,0.48073134,0.0,0.9999981
90,17,0.4813911,0.41848785,0.5409866,0.5202535,0.0,0.9999999
90,18,0.73579025,0.60288405,0.77311,0.63549846,0.0,0.99999774
90,19,0.0044133635,0.56322396,0.03442079,0.671244,0.0,0.9999746
91,0,0.7262871,0.41168308,0.8625729,0.5478432,2.0,0.9998116
91,1,0.59746605,0.37598073,0.7172125,0.51296806,1.0,0.99918455
91,2,0.8280622,0.45471323,0.9521442,0.6245146,3.0,0.99986386
91,3,0.022873674,0.24695069,0.08223826,0.45033652,0.0,0.9999981
91,4,0.013388062,0.015462849,0.073624864,0.09532164,0.0,0.99967
91,5,0.007802669,0.114725746,0.034646597,0.1525988,0.0,0.9999815
91,6,0.7812868,0.39534888,0.79637825,0.4129337,0.0,0.99999845
91,7,0.4796067,0.29163653,0.67722756,0.5095979,0.0,0.9999993
91,8,0.72280157,0.5938937,0.80203664,0.67801964,0.0,0.99999964
91,9,0.0064359154,0.05801905,0.021478917,0.117855154,0.0,0.9999325
91,10,0.0093531795,0.90289694,0.058051605,1.0040662,0.0,0.999943
91,11,0.80713683,0.58278435,0.8302875,0.6090238,0.0,0.99999976
91,12,0.9687598,0.968575,1.0053961,1.0049914,0.0,0.9999541
91,13,0.01349964,0.37647867,0.072275236,0.5731523,0.0,0.9999938
91,14,0.58038044,0.26390958,0.70450217,0.36728212,0.0,0.9999937
91,15,0.58626986,0.20061505,0.6776294,0.29917097,0.0,0.9999999
91,16,0.6282894,0.3402312,0.71850353,0.50113547,0.0,0.99999714
91,17,0.002048267,0.14255123,0.022740977,0.23446697,0.0,0.9999752
91,18,0.0011029369,0.07336965,0.01042977,0.10651676,0.0,0.9997024
91,19,0.6320324,0.52874786,0.7644439,0.6153086,0.0,0.999966
92,0,0.6171643,0.39122114,0.6972425,0.4954377,2.0,0.99765104
92,1,0.7094381,0.43036267,0.79909337,0.5495716,3.0,0.9966461
92,2,0.5102423,0.39169723,0.600833,0.5027591,1.0,0.99583036
92,3,0.0013067722,0.39658347,0.012426451,0.45212063,0.0,0.9999685
92,4,0.9734647,0.885658,1.0008762,0.9047089,0.0,0.9999976
92,5,0.69282806,0.4209804,0.7811984,0.5367211,0.0,0.9264428
92,6,0.5806423,0.27904683,0.7151714,0.37547246,0.0,0.99999774
92,7,0.51544183,0.42275238,0.64442,0.5320153,0.0,0.9999417
92,8,0.010104552,0.76249796,0.030215561,0.8676108,0.0,0.9999907
92,9,0.720868,0.22654307,0.88675547,0.39247298,0.0,0.99999654
92,10,0.401832,0.3197988,0.60052973,0.6380031,0.0,0.9999995
92,11,0.627729,0.49017513,0.72508097,0.57498395,0.0,0.9999417
92,12,0.6048023,0.40234935,0.66858965,0.47719362,0.0,0.9999993
92,13,0.0069734314,0.5010623,0.026312806,0.6006176,0.0,0.9999845
92,14,0.693812,0.38280773,0.76372033,0.50960237,0.0,0.9999989
92,15,0.68120974,0.32586947,0.836378,0.5862255,0.0,0.99999344
92,16,0.7944723,0.65879655,0.9986195,0.97548014,0.0,0.99998796
92,17,0.47057948,0.39738035,0.54711133,0.50561297,0.0,1.0
92,18,0.98044723,0.010631868,0.99945027,0.034858875,0.0,0.99999833
92,19,0.0031744465,-0.016293406,0.17245913,0.33001775,0.0,0.99996626
93,0,0.6353935,0.40063307,0.7662262,0.5302808,2.0,0.99917287
93,1,0.5772749,0.35077074,0.6687384,0.46539328,1.0,0.9993801
93,2,0.7115563,0.49042785,0.80426466,0.6087582,3.0,0.99968886
93,3,0.019528372,0.6373632,0.07978593,0.8584671,0.0,0.99999034
93,4,0.6318824,0.3616513,0.7013615,0.49284062,0.0,0.99999344
93,5,0.7208735,0.017441873,0.84947866,0.08684471,0.0,0.99999845
93,6,0.613185,0.48676705,0.7192365,0.60473645,0.0,1.0
93,7,0.9836798,0.39590496,1.0013335,0.42182735,0.0,0.99999976
93,8,0.86710477,0.39332378,0.9563921,0.4973854,0.0,0.9999999
93,9,0.7764941,0.4246742,0.85333467,0.5200043,0.0,0.9999987
93,10,0.0066758227,0.70183986,0.028121924,0.8040364,0.0,0.9999925
93,11,0.9779765,0.7370567,1.005739,0.7574863,0.0,0.99993086
93,12,0.76756847,-0.01392515,0.9935632,0.21516016,0.0,0.9999883
93,13,0.6240307,0.33121392,0.6774213,0.47152245,0.0,0.9998808
93,14,0.01327117,0.9104552,0.057699807,1.0006146,0.0,0.99999046
93,15,0.8151623,0.24462199,0.98169184,0.49261224,0.0,0.99999607
93,16,0.80208725,0.508564,0.84827673,0.61995673,0.0,0.9999975
93,17,0.60432833,0.56079155,0.6801993,0.66606593,0.0,0.9999999
93,18,0.7737272,0.33075562,0.85887957,0.44019574,0.0,0.99999976
93,19,0.8539503,0.025159236,0.9582975,0.15003426,0.0,0.999998
94,0,0.85272455,0.41854766,0.9680035,0.5621821,3.0,0.9995447
94,1,0.7394012,0.35819244,0.87220204,0.49653316,2.0,0.99954754
94,2,0.6278407,0.3406659,0.7484092,0.46961975,1.0,0.9980161
94,3,0.77271545,0.037812196,0.9276159,0.21014875,0.0,0.99999666
94,4,0.8607674,0.81918895,0.94094336,1.0171266,0.0,0.9999924
94,5,0.012376811,0.020722594,0.06695835,0.09821387,0.0,0.99998415
94,6,0.949466,0.28164974,0.99580956,0.34482676,0.0,0.9999794
94,7,0.009784615,0.9521332,0.04695756,1.0010757,0.0,0.9999951
94,8,0.0138475485,0.0074403975,0.073470846,0.04335589,0.0,0.9999269
94,9,0.97348225,0.08277463,0.99520296,0.11713409,0.0,0.9999995
94,10,0.006849462,0.97049993,0.030691182,1.0028182,0.0,0.99999857
94,11,0.93624866,0.36084235,0.9700559,0.39133477,0.0,0.99999917
94,12,0.5381514,0.020974897,0.64388716,0.090100914,0.0,0.9999993
94,13,0.8094712,0.6116561,0.98765814,0.9598809,0.0,0.99998116
94,14,0.6375149,0.56386405,0.90152645,0.9894577,0.0,0.99998283
94,15,0.61635184,0.34571087,0.6839666,0.45725685,0.0,0.9999988
94,16,0.004994619,0.476826,0.01849847,0.5031791,0.0,0.999997
94,17,0.50993824,0.29291248,0.6332597,0.38990667,0.0,0.99999964
94,18,0.8913985,0.88048697,1.0151725,1.0031338,0.0,0.99999964
94,19,0.009193527,0.50641537,0.03117192,0.61250615,0.0,0.99999917
95,0,0.77115786,0.38160217,0.8845382,0.50654364,2.0,0.999925
95,1,0.6704643,0.37986222,0.7551492,0.49665323,1.0,0.9994703
95,2,0.8536077,0.4439647,0.9474195,0.5675886,3.0,0.999969
95,3,0.9734789,0.6897203,0.9928869,0.72535074,0.0,0.99999416
95,4,0.97411865,0.77288216,0.99738055,0.7979728,0.0,0.9999949
95,5,0.7781383,0.6721348,0.94285095,0.82555676,0.0,0.9999769
95,6,0.8183644,0.32126427,0.9342976,0.43002558,0.0,0.9999975
95,7,0.8534797,0.20176113,0.93602264,0.30867904,0.0,0.9999963
95,8,0.016398333,0.13255785,0.08473315,0.27853584,0.0,0.9999764
95,9,0.6867751,0.28762907,0.7438271,0.35343567,0.0,1.0
95,10,0.0016100723,0.18347242,0.01551483,0.23429172,0.0,0.9999696
95,11,0.56484544,0.08323358,0.81555843,0.3512125,0.0,0.99999905
95,12,0.8308543,0.650903,0.9313121,0.7666901,0.0,0.9999565
95,13,0.97407204,0.7889811,0.99626553,0.81194633,0.0,0.99999285
95,14,0.7299968,0.32196018,0.8376032,0.37862694,0.0,0.99999917
95,15,0.78422177,0.30269593,0.89548117,0.3911001,0.0,0.9999988
95,16,0.0074928626,0.09538454,0.038065746,0.19126347,0.0,0.9999871
95,17,0.4783303,-0.023886502,0.7360154,0.2877404,0.0,0.9999957
95,18,0.7694277,0.028437741,0.88014853,0.14205658,0.0,0.99999976
95,19,0.7725782,0.47968918,1.01411,0.7554376,0.0,0.999995
96,0,0.67640054,0.39377373,0.7841755,0.50521976,2.0,0.9999231
96,1,0.5819901,0.3617009,0.68017656,0.46666577,1.0,0.9990583
96,2,0.75080574,0.45615408,0.8398266,0.5639572,3.0,0.9996674
96,3,0.77329427,0.4673257,0.96320987,0.7459848,0.0,0.99995625
96,4,0.98042315,0.53897834,0.99672383,0.56099004,0.0,0.99999905
96,5,0.97494334,0.790753,0.99880964,0.8091325,0.0,0.99999905
96,6,0.9745766,0.0111656785,0.9960306,0.034042165,0.0,0.99999464
96,7,0.8412488,0.50283486,0.905015,0.6451585,0.0,0.9999994
96,8,0.579758,0.35920456,0.74022794,0.5721273,0.0,0.9999989
96,9,0.002410092,0.00793635,0.013162294,0.037749775,0.0,0.9999316
96,10,0.68832165,0.53104305,0.72997206,0.62036866,0.0,0.9999995
96,11,0.66447735,0.45751372,0.69187665,0.502397,0.0,0.9999796
96,12,0.5383881,0.52392244,0.63365805,0.6181649,0.0,1.0
96,13,0.6581626,0.45233902,0.7574131,0.5260806,0.0,1.0
96,14,0.007784331,0.76303625,0.025203308,0.8590337,0.0,0.9999974
96,15,0.015522128,0.28900695,0.048462823,0.3270332,0.0,0.9999976
96,16,0.6037263,0.6121839,0.7102532,0.7121225,0.0,0.99999416
96,17,0.0012205285,0.012334131,0.006148478,0.0680664,0.0,0.9999403
96,18,0.004525017,0.36165345,0.09764679,0.76954377,0.0,0.9999839
96,19,0.49599424,0.49972826,0.73312527,0.8049507,0.0,0.99995685
97,0,0.76400703,0.4403583,0.8674048,0.58546126,3.0,0.9997725
97,1,0.5829099,0.39825714,0.6838798,0.51262325,1.0,0.9999403
97,2,0.6796192,0.38649976,0.78366566,0.51979125,2.0,0.99335045
97,3,0.4806317,0.45638055,0.7451768,0.7833292,0.0,0.9999982
97,4,0.0007180241,0.120692216,0.009161854,0.16624017,0.0,0.9998159
97,5,0.4986202,0.6258163,0.7503228,0.9880358,0.0,0.99989295
97,6,0.7132951,0.52998173,0.79145753,0.6206323,0.0,0.99992776
97,7,0.012457876,0.95709544,0.04385881,1.0011421,0.0,0.9999951
97,8,0.955433,0.54618335,0.98806345,0.6124623,0.0,1.0
97,9,0.009386979,0.5979247,0.03785817,0.6239509,0.0,0.99999523
97,10,0.906305,0.2772094,0.99297374,0.36925694,0.0,0.9999974
97,11,0.46512282,0.35650936,0.5866152,0.46655813,0.0,0.9999995
97,12,0.6928299,0.8513013,0.8534301,0.9846409,0.0,0.99996495
97,13,0.4070633,0.45200264,0.47638083,0.56525743,0.0,1.0
97,14,0.7346128,0.5156798,0.77010244,0.53817666,0.0,0.9999416
97,15,0.57843345,0.45467234,0.6632314,0.5193602,0.0,0.9999999
97,16,0.90201,0.5014232,0.97119194,0.6341665,0.0,0.99999917
97,17,0.6281018,0.32917866,0.7078158,0.41927856,0.0,0.9999994
97,18,0.8867244,0.5509256,0.9311832,0.63889533,0.0,1.0
97,19,0.5106537,0.36734405,0.6395943,0.456467,0.0,0.99992216
98,0,0.7316782,0.42436928,0.843897,0.5681772,3.0,0.99974185
98,1,0.6348298,0.4026307,0.75197715,0.5184639,2.0,0.99992883
98,2,0.52314115,0.38761967,0.6294146,0.4969524,1.0,0.99991274
98,3,0.850399,0.4547703,0.9231148,0.5617541,0.0,0.9999876
98,4,0.97126806,0.4755212,0.997114,0.49741945,0.0,0.99998605
98,5,0.32478762,0.46121237,0.36575013,0.53078616,0.0,0.9999999
98,6,0.5920893,0.24964291,0.7005654,0.33349377,0.0,0.9999951
98,7,0.73229754,0.5330585,0.7577738,0.5613672,0.0,0.9999994
98,8,0.6453767,0.39256445,0.6768673,0.42128584,0.0,0.99999726
98,9,0.5334049,0.40426925,0.5947666,0.50863355,0.0,0.9999995
98,10,0.87982565,0.47473055,0.9228879,0.55429065,0.0,1.0
98,11,0.9718479,0.38270056,0.9954942,0.40134338,0.0,0.9999819
98,12,0.5988701,0.39723155,0.6635921,0.49774316,0.0,0.9998549
98,13,0.44087082,0.34658986,0.5610987,0.43923083,0.0,0.9997851
98,14,0.60978174,0.20278496,0.68516266,0.30275238,0.0,0.99999905
98,15,0.63831556,0.3707333,0.7584165,0.48224807,0.0,0.9999999
98,16,0.9817534,0.006491311,0.99816257,0.03736053,0.0,0.99998
98,17,0.66212595,0.35553926,0.70306486,0.3901199,0.0,0.9999974
98,18,0.53317666,0.4042734,0.61126727,0.47958052,0.0,0.9871279
98,19,0.011284061,0.0090476535,0.04169265,0.07344106,0.0,0.99992037
99,0,0.57625306,0.4120775,0.682154,0.52993345,2.0,0.99874395
99,1,0.63276404,0.47796375,0.732869,0.59512097,3.0,0.99892175
99,2,0.47397387,0.38488144,0.57071185,0.49220577,1.0,0.9981834
99,3,0.97589004,0.10296722,0.9998149,0.1255466,0.0,0.999998
99,4,0.97489077,0.074464075,0.9950647,0.09306142,0.0,0.99999785
99,5,0.9464644,0.58963054,0.9984113,0.6738815,0.0,0.99999976
99,6,0.62049526,0.39581886,0.7460693,0.51024574,0.0,0.9999951
99,7,0.6641191,0.5957569,0.8163057,0.7875975,0.0,0.99999833
99,8,0.6378135,0.30645448,0.6945724,0.4062141,0.0,0.9999995
99,9,0.97868836,0.7875084,1.0017166,0.80797744,0.0,0.9999479
99,10,0.76885366,0.4116656,0.83788306,0.50617445,0.0,0.99999857
99,11,0.98014426,0.010547647,0.9979498,0.03501235,0.0,0.9999943
99,12,0.85784173,0.8326561,0.94848716,1.0068902,0.0,0.9998171
99,13,0.7829022,0.38515532,0.9447774,0.53992563,0.0,0.99999547
99,14,0.8448184,0.4984842,0.9288362,0.5966483,0.0,0.999998
99,15,0.0029994072,0.5636866,0.033694904,0.67113346,0.0,0.999959
99,16,0.0022569,-0.03654842,0.1705696,0.37367648,0.0,0.9999914
99,17,0.5484309,0.42207634,0.70762837,0.55647624,0.0,0.9991026
99,18,0.44529444,0.20916736,0.52322125,0.31061363,0.0,0.99999964
99,19,0.6683012,0.3946954,0.79226613,0.60624266,0.0,0.9999989
100,0,0.82468957,0.5111073,0.9900886,0.7011345,3.0,0.99747413
100,1,0.5796419,0.40996158,0.7211596,0.5724703,1.0,0.9950334
100,2,0.7271388,0.42124066,0.8960734,0.6040993,2.0,0.9984914
100,3,0.88338375,0.58137894,0.9931279,0.7339856,0.0,0.99999976
100,4,0.8238593,0.5469656,0.8451788,0.5657293,0.0,1.0
100,5,0.004085793,0.3076097,0.018816281,0.36363852,0.0,0.99999726
100,6,0.7858382,0.23190933,0.92042524,0.39976507,0.0,0.9999379
100,7,0.6531606,0.66334397,0.72837865,0.7645925,0.0,0.9999999
100,8,0.34241977,0.45531523,0.41259912,0.57868934,0.0,0.99999607
100,9,0.778603,0.6388317,0.845425,0.7041,0.0,0.9998442
100,10,0.9059954,0.33691162,0.9987604,0.44661453,0.0,0.9999937
100,11,0.52271575,0.58824724,0.6164633,0.68320966,0.0,0.9999975
100,12,0.5368474,0.41533536,0.6114446,0.5693872,0.0,0.99999833
100,13,0.8913574,0.9171708,1.0150611,1.0208724,0.0,0.99995816
100,14,0.6343584,0.3879205,0.8657234,0.6239643,0.0,0.9999616
100,15,0.0003020903,0.0076417997,0.008069479,0.031352066,0.0,0.9993362
100,16,0.027317405,0.47070268,0.08127184,0.6963235,0.0,0.9999964
100,17,0.0077504395,0.56661934,0.03253078,0.68058085,0.0,0.99999964
100,18,0.9593389,0.9454943,0.9982597,1.0141555,0.0,0.999925
100,19,0.7334813,0.2769887,0.8835298,0.46817428,0.0,0.9999908
101,0,0.49666372,0.36733356,0.5952042,0.4751492,2.0,0.9999504
101,1,0.57848525,0.41904044,0.6634809,0.5365752,3.0,0.9997954
101,2,0.4058776,0.34333265,0.4922518,0.45185426,1.0,0.99959105
101,3,0.78425133,0.8601768,0.95237863,0.9916317,0.0,0.99999166
101,4,0.0012550778,0.6047535,0.011475924,0.625291,0.0,0.99995565
101,5,0.59226394,0.459713,0.67151505,0.5644857,0.0,0.99999976
101,6,0.0034137056,0.37393552,0.014175605,0.4190034,0.0,0.9999745
101,7,0.7308802,0.09203307,0.97037923,0.39111805,0.0,0.9999974
101,8,0.4247438,0.35538042,0.47133088,0.4090875,0.0,0.99999964
101,9,0.9747546,0.583626,1.0075614,0.60554206,0.0,0.9999567
101,10,0.97348356,0.375328,0.9987981,0.41398004,0.0,0.999984
101,11,0.97971183,0.18927684,0.9983411,0.22135425,0.0,0.9999994
101,12,0.0040092096,-0.029048637,0.18421006,0.36311948,0.0,0.9999722
101,13,0.8069145,0.660796,0.99448997,0.9882387,0.0,0.9999896
101,14,0.5208372,0.5864661,0.6344775,0.70146525,0.0,0.9999993
101,15,0.87944245,0.16096574,1.005286,0.25816655,0.0,0.99999976
101,16,0.9741744,0.77320457,0.9976141,0.798432,0.0,0.99999356
101,17,0.008115398,0.49728602,0.045264132,0.6036618,0.0,0.9999796
101,18,0.9081653,0.76828253,1.0100911,0.89119613,0.0,0.9999944
101,19,0.97784466,0.30792314,1.0007632,0.33279803,0.0,0.99999726
102,0,0.84449357,0.37899804,0.9437494,0.5015255,3.0,0.99954885
102,1,0.68174356,0.30688694,0.7718707,0.4214963,1.0,0.9998259
102,2,0.7691457,0.33621904,0.86434406,0.4528399,2.0,0.9994425
102,3,0.77218765,0.1932221,0.84416646,0.29004878,0.0,0.9999995
102,4,0.9525502,0.007853191,0.99175644,0.05521327,0.0,0.99999654
102,5,0.6377223,0.57159835,0.88234895,1.0051706,0.0,0.99997306
102,6,0.57756376,0.31710413,0.6712541,0.42719972,0.0,0.9999994
102,7,0.015379943,0.08562829,0.07875746,0.21113497,0.0,0.99996185
102,8,0.97003657,0.9701893,1.0025992,1.0024729,0.0,0.99996614
102,9,0.97421014,0.7464338,1.0000951,0.7659014,0.0,0.9999956
102,10,0.9776341,0.55145526,0.9966132,0.5807484,0.0,0.99998295
102,11,0.53086627,0.52052206,0.61541224,0.62782794,0.0,1.0
102,12,0.5426371,0.33046046,0.61652565,0.44472402,0.0,0.9999993
102,13,0.95334214,0.37631732,0.99587125,0.43518037,0.0,0.99999976
102,14,0.7521521,0.5158086,0.9754894,0.7657434,0.0,0.99996376
102,15,0.7917437,0.37973505,0.9994513,0.52420336,0.0,0.9998627
102,16,0.021009516,0.27107897,0.09076972,0.3931659,0.0,0.99998164
102,17,0.84848326,0.34333932,0.99432755,0.5704754,0.0,0.99999094
102,18,0.00092768506,0.013248218,0.0064775283,0.0654217,0.0,0.99994195
102,19,0.8208398,0.2830313,0.9565377,0.4840945,0.0,0.99999857
103,0,0.68350315,0.33836928,0.826544,0.487281,2.0,0.9999305
103,1,0.5597126,0.29930574,0.68383855,0.43458816,1.0,0.99980193
103,2,0.80344546,0.39439127,0.94369286,0.5657445,3.0,0.9981822
103,3,0.7272958,0.47789094,0.795056,0.54594564,0.0,0.9999919
103,4,0.70629483,0.25577417,0.81990194,0.34676057,0.0,0.99999976
103,5,0.97353554,0.9728227,1.0011554,1.0061903,0.0,0.99999833
103,6,0.88984823,0.022048645,0.993391,0.13405216,0.0,0.9999976
103,7,0.78219,-0.028719857,0.9608068,0.30480212,0.0,0.99999297
103,8,0.8352044,0.24457335,0.92684174,0.33748835,0.0,0.9999896
103,9,0.7421917,0.22582178,0.8074549,0.3072355,0.0,0.9998894
103,10,0.3419408,0.019302387,0.45103976,0.09530006,0.0,0.9999993
103,11,0.016581891,0.43809247,0.07467754,0.5787879,0.0,0.99998605
103,12,0.0074637644,0.13521194,0.03820094,0.24663262,0.0,0.99997413
103,13,0.6388295,0.2066373,0.74889004,0.28165996,0.0,0.99967074
103,14,0.6707354,0.29662344,0.7649146,0.35112038,0.0,0.9999002
103,15,0.51006305,0.37434277,0.7034084,0.46858418,0.0,0.9999975
103,16,0.7329916,0.22850522,0.8054289,0.31405213,0.0,0.9998698
103,17,0.9286951,0.5478337,0.9786971,0.6601282,0.0,1.0
103,18,0.57044756,0.10164261,0.6557278,0.2007938,0.0,1.0
103,19,0.57671624,0.10403995,0.8331828,0.3882951,0.0,0.9999995
104,0,0.72246367,0.36171663,0.84661615,0.49404955,2.0,0.999539
104,1,0.59869325,0.35921627,0.70754224,0.47639257,1.0,0.99614453
104,2,0.82993287,0.41486683,0.93074894,0.5598233,3.0,0.9983279
104,3,0.5883069,0.021986783,0.70916057,0.09616713,0.0,0.99999917
104,4,0.5779054,0.062000453,0.8102747,0.3487883,0.0,0.9999976
104,5,0.40680158,0.41171408,0.46907365,0.51458347,0.0,1.0
104,6,0.9112053,0.43732947,0.97901267,0.5542357,0.0,0.99998283
104,7,0.34049505,0.27449584,0.600914,0.52687705,0.0,0.99997866
104,8,0.29352117,-0.01005584,0.6533768,0.17507552,0.0,0.99999833
104,9,0.82770634,0.485848,0.94992423,0.58683324,0.0,0.9999999
104,10,0.9415408,0.42854422,0.99747527,0.468235,0.0,1.0
104,11,0.9719884,0.952284,0.9926548,1.00003,0.0,0.99999845
104,12,0.011629991,0.077957556,0.086663045,0.20681833,0.0,0.99988556
104,13,0.71548307,0.020148907,0.84051996,0.093534365,0.0,0.99999917
104,14,0.87966084,0.15193555,1.0136924,0.25862455,0.0,0.999997
104,15,0.5851994,0.27040553,0.7044922,0.35113963,0.0,0.9999994
104,16,0.403027,0.018980488,0.5155878,0.083826885,0.0,0.9999994
104,17,0.9728118,0.8375663,0.9978857,0.85642403,0.0,0.9999987
104,18,0.9743865,0.021023564,0.9973073,0.04447671,0.0,0.9999919
104,19,0.018242696,0.28216943,0.06881196,0.4955638,0.0,0.999997
105,0,0.74682784,0.39741188,0.87464,0.5306542,2.0,0.9999871
105,1,0.6322937,0.38035724,0.7326379,0.49567482,1.0,0.99975604
105,2,0.8450463,0.4653973,0.93706304,0.6023865,3.0,0.99971956
105,3,0.010173842,-0.010607898,0.17985679,0.33456793,0.0,0.99994254
105,4,0.6576869,0.53585017,0.75918347,0.65217745,0.0,0.9999747
105,5,0.021835841,0.042231448,0.13270101,0.1755726,0.0,0.9998698
105,6,0.019050926,0.25866094,0.09082673,0.49049765,0.0,0.9999385
105,7,0.013212498,0.008634256,0.04446079,0.06648134,0.0,0.99997914
105,8,0.7568858,0.37390098,0.8287092,0.4857835,0.0,1.0
105,9,0.3654176,0.34007525,0.592314,0.6392759,0.0,0.9999995
105,10,0.9749011,0.5736563,0.99133515,0.6175268,0.0,1.0
105,11,0.85116196,0.5894778,0.9317938,0.6962441,0.0,0.9999939
105,12,0.646456,0.013559692,0.768563,0.087512165,0.0,0.9999981
105,13,0.89702654,0.44491965,0.9629387,0.6061373,0.0,0.99896693
105,14,0.9191519,0.4075486,0.9988567,0.52046996,0.0,0.99999976
105,15,0.69744635,0.4084158,0.7586602,0.5019497,0.0,0.99999726
105,16,0.3110001,0.24374153,0.56700194,0.5687998,0.0,0.9999882
105,17,0.7672586,0.08223072,0.91033024,0.257104,0.0,0.9998398
105,18,0.5303188,0.5490537,0.6258521,0.64993846,0.0,0.99999297
105,19,0.8108506,0.39715728,0.9296271,0.63931906,0.0,0.99787915
106,0,0.55296147,0.38084468,0.6365712,0.4933222,1.0,0.9972995
106,1,0.6463473,0.3513076,0.7483286,0.47337395,2.0,0.99933606
106,2,0.7065276,0.41354623,0.8083631,0.55290186,3.0,0.9995852
106,3,0.9755865,0.8077567,0.99944663,0.8263328,0.0,0.9999987
106,4,0.9504438,0.39973179,0.99454045,0.47299218,0.0,0.9999571
106,5,0.0014237259,0.1466167,0.01254086,0.20112777,0.0,0.9999814
106,6,0.9563777,0.96703887,0.9930463,1.0057299,0.0,0.99998367
106,7,0.025683125,0.2853968,0.08252537,0.40022913,0.0,0.99999857
106,8,0.9098602,0.31613997,0.9729366,0.42094973,0.0,0.9999999
106,9,0.8858357,0.66538316,1.0225812,0.7611992,0.0,0.99989617
106,10,0.5340824,0.44274965,0.66671383,0.53119415,0.0,0.99999917
106,11,0.99076736,0.4220908,1.0004561,0.46270126,0.0,0.9999809
106,12,0.44988406,0.43150753,0.560259,0.5355695,0.0,0.99999094
106,13,0.5537008,0.3613502,0.70125216,0.55533504,0.0,0.99999714
106,14,0.94678503,0.6069783,1.0033832,0.6775002,0.0,0.9999795
106,15,0.5798919,0.35707107,0.6381351,0.4775611,0.0,0.99999595
106,16,0.021508504,0.10862391,0.07530682,0.34919542,0.0,0.9999925
106,17,0.97520375,0.85407174,0.9987112,0.87222415,0.0,0.99999833
106,18,0.77898383,0.28840542,0.8510109,0.39106658,0.0,0.9999994
106,19,0.0044917995,0.43557382,0.023329847,0.545853,0.0,0.9999826
107,0,0.6841032,0.41797304,0.7828759,0.5238217,2.0,0.99979645
107,1,0.7670208,0.46180797,0.85943455,0.57543933,3.0,0.99898905
107,2,0.59547865,0.3952523,0.67357457,0.48937193,1.0,0.999652
107,3,0.8904064,0.8308367,1.0245614,0.9591013,0.0,0.9999783
107,4,5.330221e-05,0.005613316,0.0010684247,0.06727889,0.0,0.99986804
107,5,0.35025752,0.21765772,0.5662198,0.56735945,0.0,0.9999974
107,6,0.421503,0.42954853,0.44797117,0.48499912,0.0,1.0
107,7,0.6456205,0.21391612,0.7283077,0.32574356,0.0,1.0
107,8,0.97427636,0.7734818,1.0005167,0.79765797,0.0,0.9999845
107,9,0.7120756,0.27821386,0.80766743,0.354206,0.0,0.9999449
107,10,0.8065699,0.67228705,0.93228716,0.84402156,0.0,0.9999864
107,11,0.85956043,0.8288404,0.94122535,1.0315111,0.0,0.99918157
107,12,0.75242376,0.4572155,0.8383826,0.566901,0.0,0.99999905
107,13,0.7808225,0.59715676,0.94364077,0.76975316,0.0,0.9999988
107,14,0.5225906,0.17312054,0.6566665,0.33336264,0.0,0.9999945
107,15,0.69190866,0.16224894,0.80047446,0.2666508,0.0,0.99999976
107,16,0.7149573,0.51895034,0.8379484,0.60719174,0.0,0.99999917
107,17,0.68310595,0.5410309,0.74412674,0.6144815,0.0,0.9999845
107,18,0.6733464,0.616117,0.81317014,0.7763113,0.0,0.99999595
107,19,0.004840521,0.6358284,0.03279949,0.750987,0.0,0.99997294
108,0,0.78979623,0.44590202,0.8998088,0.6011236,3.0,0.99989045
108,1,0.6910324,0.39385524,0.8262436,0.5364646,2.0,0.9999808
108,2,0.57311976,0.35835886,0.69255847,0.50363934,1.0,0.9998275
108,3,0.7503402,0.32869798,0.90167135,0.43605334,0.0,0.99981505
108,4,0.909135,0.589319,0.958227,0.71825004,0.0,0.99999917
108,5,0.48760763,0.27198666,0.72586083,0.54708695,0.0,0.9999995
108,6,0.97432226,0.9145304,0.9992202,0.93711287,0.0,0.99999726
108,7,0.9709084,0.5354824,0.99582744,0.5546145,0.0,0.9999988
108,8,0.46957946,0.38641834,0.5427282,0.5028275,0.0,0.99996936
108,9,0.9084277,0.44091347,0.9992718,0.567629,0.0,0.9999963
108,10,0.57619005,0.6594622,0.69607323,0.7646405,0.0,0.9999995
108,11,0.5606266,0.25436717,0.73633564,0.36868587,0.0,0.9999949
108,12,0.58769745,0.25148445,0.65593696,0.31829458,0.0,0.99999964
108,13,0.7661163,0.2518239,0.8974899,0.34779748,0.0,0.999587
108,14,0.6078381,0.24998145,0.79445714,0.38094634,0.0,0.9999981
108,15,0.50499576,0.62836146,0.7614418,0.98330265,0.0,0.9999932
108,16,0.97507524,0.008057812,1.0004622,0.03706973,0.0,0.99998987
108,17,0.330105,0.39440364,0.40939137,0.5005969,0.0,0.9999826
108,18,0.009459272,0.43324375,0.04237847,0.55463743,0.0,0.99999726
108,19,0.6710358,0.22432673,0.74110806,0.3014546,0.0,0.9999995
109,0,0.7201122,0.3198833,0.8553034,0.47948533,2.0,0.99969745
109,1,0.57551014,0.31178427,0.6977577,0.4677294,1.0,0.998725
109,2,0.8256592,0.38322923,0.93750477,0.5564954,3.0,0.9999243
109,3,0.72716963,0.5378697,0.82374036,0.67550236,0.0,0.99999964
109,4,0.863878,0.23406512,0.93235147,0.360725,0.0,0.99999905
109,5,0.0064376695,0.6261389,0.028400019,0.735249,0.0,0.9999881
109,6,0.9708319,0.93970233,0.997924,0.97049034,0.0,0.9999745
109,7,0.92174906,0.9331337,1.0106014,1.0160723,0.0,0.9999832
109,8,0.0008726055,0.3318334,0.008816257,0.38559628,0.0,0.9999604
109,9,0.66342807,0.3593504,0.87940055,0.5672264,0.0,0.9999999
109,10,0.6311314,0.48898098,0.764067,0.5960464,0.0,0.9999883
109,11,0.6036602,0.5067253,0.73365164,0.6885903,0.0,0.9999987
109,12,0.0136108585,0.01427884,0.06998393,0.092489675,0.0,0.9999044
109,13,0.8886581,0.89622986,1.0119557,1.0178056,0.0,0.99998593
109,14,0.98151773,0.8440468,0.9998478,0.86906403,0.0,0.99999785
109,15,0.8279613,0.57709664,0.940687,0.7121068,0.0,0.9999989
109,16,0.98260164,0.850709,0.9998638,0.8808152,0.0,0.9999981
109,17,0.6324145,0.2774168,0.73320943,0.4078112,0.0,0.99999905
109,18,0.5743737,0.84659,0.71453017,0.9808068,0.0,0.99999905
109,19,0.9661753,0.96781194,1.0067691,1.0056931,0.0,0.99985695
110,0,0.5525806,0.37754577,0.65751326,0.50154763,1.0,0.9980698
110,1,0.63302904,0.4211799,0.7478,0.53890634,2.0,0.99983394
110,2,0.69537413,0.47626156,0.80217075,0.58400553,3.0,0.99802136
110,3,0.020520596,0.19864535,0.076092854,0.33528477,0.0,0.9999771
110,4,0.0022961684,0.3971637,0.100565255,0.7577331,0.0,0.99999416
110,5,0.9156104,0.024052508,0.99743354,0.1429097,0.0,0.99999416
110,6,0.9024415,0.4194995,0.99593353,0.5212648,0.0,0.9999914
110,7,0.97850263,0.7354204,1.0022787,0.7550347,0.0,0.9999757
110,8,0.009679407,0.9534326,0.04917831,1.0060774,0.0,0.99998474
110,9,0.56967425,0.4090619,0.62685883,0.48813656,0.0,0.9999999
110,10,0.006812091,0.26096684,0.03376089,0.36259216,0.0,0.9999958
110,11,0.97368395,0.8521901,0.9974212,0.8728028,0.0,0.9999957
110,12,0.42022723,0.3857837,0.45956135,0.48206794,0.0,1.0
110,13,0.9037299,0.26437107,1.0063583,0.36709914,0.0,0.99999523
110,14,0.727128,0.38528115,0.7652,0.45446062,0.0,0.9999995
110,15,0.8006293,0.22564746,0.97856236,0.5076042,0.0,0.9999943
110,16,0.8967366,0.444367,1.0031012,0.5550283,0.0,0.9995333
110,17,0.6841306,0.31657535,0.76722664,0.41587695,0.0,0.9999931
110,18,0.7747922,0.8658387,0.9401759,0.98504996,0.0,0.9999981
110,19,0.0043128044,0.3633931,0.016220734,0.41938895,0.0,0.99996185
111,0,0.7347219,0.40402356,0.82882744,0.5486773,3.0,0.999874
111,1,0.6354753,0.35631835,0.7407099,0.47836348,2.0,0.99988675
111,2,0.52862614,0.3303884,0.6274895,0.45562452,1.0,0.99961406
111,3,0.973856,0.4415036,0.9979535,0.46656382,0.0,0.9999989
111,4,0.8989348,0.35856545,0.99225765,0.4899285,0.0,0.99998915
111,5,0.64085853,0.33325714,0.71364546,0.44566151,0.0,0.9991467
111,6,0.022083806,0.12349787,0.077295944,0.35830086,0.0,0.99998975
111,7,0.7228433,0.090093985,0.9787756,0.3459913,0.0,0.9999988
111,8,0.92182267,0.20957175,0.99428976,0.29797372,0.0,0.9998963
111,9,0.60137236,-0.02230987,0.91892034,0.25879142,0.0,0.9999958
111,10,0.0043235617,0.15133125,0.022826936,0.25848472,0.0,0.9999882
111,11,0.017341927,0.08162586,0.08388317,0.2074152,0.0,0.9999101
111,12,0.8964339,0.42875093,0.9873618,0.5700499,0.0,1.0
111,13,0.027056523,0.015413202,0.13231224,0.18364793,0.0,0.99992085
111,14,0.8736648,0.78316706,1.0233591,0.88313365,0.0,0.9999875
111,15,0.97076064,0.57349074,0.99684703,0.6154575,0.0,0.9999926
111,16,0.65638685,0.22675483,0.75088847,0.32877767,0.0,0.99997604
111,17,0.54093635,0.27245715,0.74356323,0.4117682,0.0,0.9999989
111,18,0.979931,0.5529775,1.0019246,0.5804565,0.0,0.9999318
111,19,0.8621791,0.08609332,1.0263058,0.1804451,0.0,0.99999833
112,0,0.7433497,0.40349472,0.8422327,0.53672004,3.0,0.9993517
112,1,0.65235347,0.35099152,0.7635762,0.46644434,2.0,0.9999113
112,2,0.5444687,0.34051293,0.6364639,0.44500297,1.0,0.99976665
112,3,0.96980095,0.306107,0.9945216,0.32789543,0.0,0.99999857
112,4,0.64090335,0.25773665,0.8561322,0.5030285,0.0,0.99999607
112,5,0.96950746,0.32101208,0.9958179,0.34179085,0.0,0.99999726
112,6,0.65578014,0.49133182,0.7618706,0.6235937,0.0,0.99998736
112,7,0.97646695,0.80874056,0.99894553,0.8330155,0.0,0.9999901
112,8,0.9690536,0.56885093,0.9916923,0.5930265,0.0,0.99999654
112,9,0.7071814,0.48656684,0.7247718,0.5108344,0.0,0.9999857
112,10,0.011852546,0.010026034,0.06961603,0.092332065,0.0,0.99992776
112,11,0.5713537,0.49978387,0.6850643,0.6145017,0.0,0.9999995
112,12,-0.0003823815,0.28694782,0.019722987,0.35092917,0.0,0.9999641
112,13,0.80558795,0.6589632,0.98802423,0.9732101,0.0,0.9999944
112,14,0.85798275,0.01873003,0.93612045,0.11675243,0.0,0.9999981
112,15,0.87707794,0.65715486,1.0039082,0.7768868,0.0,0.99837446
112,16,0.6563503,0.5427812,0.80519676,0.712688,0.0,0.9999995
112,17,0.005902,0.9504441,0.050176516,1.0010673,0.0,0.999985
112,18,0.5387901,0.46672034,0.6343495,0.56198454,0.0,0.9999968
112,19,0.003990351,0.56623745,0.034871217,0.6710392,0.0,0.99998283
113,0,0.77452284,0.5869923,0.8969402,0.732287,3.0,0.99969554
113,1,0.5807287,0.42572555,0.7250776,0.58447427,1.0,0.99568176
113,2,0.6978772,0.49323276,0.84798324,0.6518184,2.0,0.99780303
113,3,0.5780489,0.9062047,0.71147907,1.0001287,0.0,0.9999856
113,4,0.9208418,0.5886128,0.9928698,0.715454,0.0,1.0
113,5,0.59526896,0.65495914,0.6704791,0.72482795,0.0,0.9999795
113,6,0.74881417,0.6620346,0.7868537,0.6937215,0.0,0.9999987
113,7,0.8778413,0.3511095,0.98100615,0.45852262,0.0,1.0
113,8,0.63676,0.902236,0.76643354,1.0025754,0.0,0.9999933
113,9,0.8691681,0.94522756,0.8940482,1.0127889,0.0,0.9999937
113,10,0.50056833,0.47501546,0.751944,0.7049902,0.0,1.0
113,11,0.52471,0.38510367,0.76660377,0.60013485,0.0,0.99986756
113,12,0.83619946,0.9050056,1.0021327,1.0086539,0.0,0.99995756
113,13,0.59873736,0.6124398,0.65466535,0.6978913,0.0,0.99999857
113,14,0.5316802,0.7806952,0.62493867,0.89673024,0.0,0.99999976
113,15,0.89126796,0.015521459,0.9933553,0.08173796,0.0,0.9999646
113,16,0.56407875,0.5960423,0.6437126,0.6873345,0.0,0.99998426
113,17,0.6370912,0.6034867,0.7002487,0.69679093,0.0,0.9999442
113,18,0.7180075,0.22582757,0.8382294,0.39712703,0.0,0.99999285
113,19,0.9747448,0.8912046,0.9953778,0.9251082,0.0,0.9999838
114,0,0.70085675,0.42370698,0.82739717,0.56950206,2.0,0.99962044
114,1,0.8276646,0.43970767,0.94228804,0.60431635,3.0,0.99918824
114,2,0.54051816,0.43954942,0.66771984,0.5977609,1.0,0.9983486
114,3,0.8534756,0.43760583,0.8990159,0.5696184,0.0,0.99999905
114,4,0.9813507,0.88672763,0.99890363,0.92961216,0.0,0.9999832
114,5,0.80115634,0.6672315,0.9895288,0.9936069,0.0,0.9999933
114,6,0.020158267,0.90968305,0.056060307,1.0065662,0.0,0.9999894
114,7,0.0026741656,0.21353477,0.016030207,0.2666091,0.0,0.9999567
114,8,0.35391116,0.4632711,0.50048363,0.6524768,0.0,0.9700978
114,9,0.6420806,0.40640992,0.86904913,0.5752875,0.0,0.99820507
114,10,0.73013985,0.61286896,0.81913924,0.7292664,0.0,0.9999958
114,11,0.93497705,0.9475041,0.95122,1.0128716,0.0,0.9999896
114,12,0.007328313,0.20107274,0.0330968,0.30111963,0.0,0.99998665
114,13,0.91057783,0.2806736,0.99557585,0.3752283,0.0,0.9999981
114,14,0.002521329,0.74810404,0.014374455,0.77183545,0.0,0.99996877
114,15,0.868101,0.91292465,1.0325958,1.0133721,0.0,0.9999901
114,16,0.0024522054,0.15154491,0.012746604,0.19586852,0.0,0.9999628
114,17,0.748314,0.398319,0.7831149,0.42443365,0.0,0.99999964
114,18,0.023409631,0.33058634,0.09117852,0.44709867,0.0,0.9999864
114,19,0.7829705,0.1555849,0.9193188,0.33391115,0.0,0.9999987
115,0,0.6262138,0.45148164,0.7330581,0.5633792,2.0,0.99991226
115,1,0.7111306,0.49774694,0.800887,0.62525547,3.0,0.99988365
115,2,0.54002327,0.40627104,0.6472929,0.5123835,1.0,0.9996319
115,3,0.97219974,0.9530156,0.9960398,0.9973095,0.0,0.99999654
115,4,0.63792056,0.21481586,0.73104066,0.32721668,0.0,1.0
115,5,0.011066172,0.33117393,0.052587677,0.42459399,0.0,0.99999726
115,6,0.019258868,0.20648931,0.085550964,0.3351475,0.0,0.9999547
115,7,0.9208808,0.0099536255,0.9917932,0.09544874,0.0,0.99999547
115,8,0.006709382,0.5678917,0.032513507,0.6697932,0.0,0.99999595
115,9,0.685644,0.4939938,0.72074497,0.556975,0.0,0.9999999
115,10,0.78499365,0.8601188,0.93944263,0.98793423,0.0,0.99999857
115,11,0.01545525,0.15497848,0.06447138,0.35604087,0.0,0.99997556
115,12,0.008846811,0.97085977,0.03176687,1.0020367,0.0,0.9999989
115,13,0.77811223,0.65006536,0.87251407,0.7700868,0.0,0.9999995
115,14,0.00013250858,0.011555558,0.0018873871,0.06449032,0.0,0.9998627
115,15,0.6103899,0.5286439,0.7343039,0.60463434,0.0,1.0
115,16,0.82908595,0.4840291,0.97595793,0.73780245,0.0,0.9999722
115,17,0.9740268,0.89756024,1.000242,0.91979694,0.0,0.999997
115,18,0.73940456,0.4780974,0.76349944,0.5450966,0.0,1.0
115,19,0.5786611,0.5620623,0.6846343,0.66911393,0.0,0.99999917
116,0,0.66827965,0.3933922,0.75360787,0.5047582,1.0,0.99967575
116,1,0.7636603,0.3848024,0.86643505,0.5045508,2.0,0.9993863
116,2,0.83525187,0.43833613,0.9373018,0.5708306,3.0,0.99976116
116,3,0.9830594,0.18111736,1.0025914,0.20816414,0.0,0.9999988
116,4,0.64651823,0.29020315,0.75785553,0.3857872,0.0,0.9999956
116,5,0.528937,0.39351916,0.6496246,0.4900554,0.0,0.9999888
116,6,0.7890872,0.1792956,0.87299776,0.33102566,0.0,0.9998983
116,7,0.9735548,0.8374665,0.9980823,0.8572174,0.0,0.9999956
116,8,0.9057117,0.45673823,0.9698486,0.5762335,0.0,0.9999677
116,9,0.015577743,0.006885793,0.07487052,0.09741421,0.0,0.9999362
116,10,0.8637043,0.15852918,1.0019352,0.2497089,0.0,0.9998652
116,11,0.7925901,0.3966573,0.8740509,0.50490046,0.0,0.9553242
116,12,0.8420272,0.36734375,0.9737219,0.6038257,0.0,0.9999901
116,13,0.95106256,0.4527152,1.0025095,0.5021603,0.0,0.9999995
116,14,0.97264564,0.30432734,0.997817,0.3295291,0.0,0.99999666
116,15,0.58471036,0.21818067,0.6924125,0.31052104,0.0,1.0
116,16,0.32184196,-0.014593467,0.62584364,0.18252283,0.0,0.99999774
116,17,0.39600927,0.30430815,0.59360194,0.6237643,0.0,0.9999987
116,18,0.0056588845,0.7543171,0.023945581,0.8566761,0.0,0.99998987
116,19,0.9707761,0.29154482,0.996593,0.31307855,0.0,0.9999956
117,0,0.6262147,0.45585546,0.73532146,0.5662174,2.0,0.9999455
117,1,0.71026087,0.50009006,0.79817617,0.6200174,3.0,0.9998778
117,2,0.54021055,0.40938562,0.6452139,0.51377285,1.0,0.9995864
117,3,0.62052953,0.63334554,0.7515867,0.75026876,0.0,0.99999344
117,4,0.7974979,0.47377858,0.8822435,0.6055033,0.0,0.9999999
117,5,0.64276576,0.62930846,0.90962124,0.9861528,0.0,0.9999969
117,6,0.972798,0.43002936,0.99810374,0.45012456,0.0,0.9999999
117,7,0.51286614,0.20343594,0.61404526,0.31963724,0.0,0.99999976
117,8,0.9771094,0.6080786,1.0014385,0.642674,0.0,0.99998295
117,9,0.9819075,0.4504174,0.99948955,0.4848445,0.0,0.99999845
117,10,0.002517105,0.20678455,0.013989744,0.26808015,0.0,0.99997616
117,11,0.43529212,0.2784106,0.5297874,0.3761846,0.0,0.99999917
117,12,0.9776144,0.84557205,1.0034909,0.865087,0.0,0.99986625
117,13,0.69461346,0.6232591,0.8077962,0.7713561,0.0,0.99999964
117,14,0.6599382,0.23486291,0.7887921,0.38955253,0.0,0.9999995
117,15,0.00067361817,0.61869496,0.012354889,0.6560574,0.0,0.9998605
117,16,0.6889977,0.20285192,0.8101368,0.3274578,0.0,0.99999905
117,17,0.48979628,0.28268912,0.7473227,0.49723142,0.0,0.99999976
117,18,0.0023507588,0.26840726,0.01723063,0.3305964,0.0,0.9999453
117,19,0.6237713,0.44079414,0.685932,0.53051794,0.0,0.99999976
118,0,0.6731258,0.44335127,0.76675856,0.55492365,3.0,0.9996804
118,1,0.58413804,0.40524703,0.67747945,0.5102697,2.0,0.9999155
118,2,0.48688322,0.382726,0.57503575,0.48081118,1.0,0.9997662
118,3,0.5055492,0.6073371,0.7757208,0.9931347,0.0,0.9999765
118,4,0.51574665,0.023078743,0.62650406,0.0919072,0.0,0.9999987
118,5,0.004238397,-0.007982619,0.13008521,0.19974804,0.0,0.9999821
118,6,0.56919783,0.395244,0.73243666,0.5864728,0.0,0.9999932
118,7,0.45755002,0.21585773,0.5374667,0.31292516,0.0,0.99999976
118,8,0.4980146,0.4679029,0.56353974,0.52189267,0.0,0.99998844
118,9,0.73032665,0.58301026,0.79888093,0.68100494,0.0,0.99999857
118,10,0.014525892,0.9134698,0.054384016,1.0076435,0.0,0.99999404
118,11,0.8257035,0.4317798,0.86854535,0.53702474,0.0,0.9999902
118,12,0.0046109296,0.20228378,0.024838163,0.3034194,0.0,0.99999595
118,13,0.6011835,0.25487143,0.6806234,0.3457235,0.0,0.9999715
118,14,0.0012905914,0.0067527834,0.011781141,0.038215056,0.0,0.9999416
118,15,0.52796835,0.3607118,0.5922843,0.49267867,0.0,0.9999988
118,16,0.8739659,0.11617719,0.9898858,0.20201701,0.0,0.99999976
118,17,0.9851176,0.98589903,1.0025074,1.0010096,0.0,0.9999876
118,18,0.71107525,0.10805905,0.9666114,0.39873606,0.0,0.9999918
118,19,0.97437704,0.87116915,0.99751145,0.8899247,0.0,0.99999905
119,0,0.6619587,0.38354164,0.77702296,0.4913224,1.0,0.99853194
119,1,0.78510934,0.5206099,0.88133085,0.63520575,3.0,0.9989423
119,2,0.75205743,0.43556398,0.8767007,0.55532074,2.0,0.9997782
119,3,0.015727326,0.9132714,0.055155836,1.0086653,0.0,0.9999926
119,4,0.01526575,0.5664649,0.05344858,0.640927,0.0,0.99999845
119,5,0.97435147,0.82390875,0.99877775,0.8429225,0.0,0.9999993
119,6,0.6567666,0.43370104,0.8008815,0.5252827,0.0,0.999998
119,7,0.5336896,-0.02329661,0.9069917,0.29570347,0.0,0.99998736
119,8,0.78107256,0.6045638,0.9589762,0.76780605,0.0,0.9999963
119,9,0.015961826,0.3778508,0.09297931,0.5084021,0.0,0.9999814
119,10,0.6337639,0.5425696,0.67658633,0.6220649,0.0,0.99998486
119,11,0.8920349,0.89095885,1.0245169,1.0067648,0.0,0.99999416
119,12,0.67690295,-0.009310201,0.95026,0.28347558,0.0,0.99997234
119,13,0.9793678,0.58574605,0.9964226,0.6206951,0.0,0.99999976
119,14,0.6493933,0.46839675,0.75823665,0.5439273,0.0,0.99999964
119,15,0.7620881,0.5308035,0.78614205,0.5723356,0.0,0.9999987
119,16,0.9743649,0.83826834,0.9983614,0.8568556,0.0,0.9999993
119,17,0.82658964,0.32440996,0.8772654,0.41748896,0.0,0.99999857
119,18,0.97641313,0.71641475,1.0029727,0.74045974,0.0,0.99996316
119,19,0.8904033,0.5669582,0.9837588,0.696959,0.0,1.0
